SECTION Comment
CREATOR "Carlos Araujo"
REMARK "Instance for QoS Multicast Routing Problem"
QoS METRICS "delay, jitter, bandwidth and estimate of link duration"
END

SECTION Graph
Nodes 150
Edges 2234

E 1 5 0.027475 0.004505 409.99 4.19
E 1 12 0.027700 0.005339 419.72 13.11
E 1 13 0.024523 0.003290 384.86 0.66
E 1 16 0.023413 0.000509 287.85 0.10
E 1 18 0.022597 0.002286 349.88 0.00
E 1 20 0.027250 0.004167 412.46 17.38
E 1 33 0.028162 0.000509 362.80 45.54
E 1 35 0.027919 0.005456 444.23 12.22
E 1 38 0.028650 0.005727 452.96 10.41
E 1 46 0.020614 0.000969 313.91 4.11
E 1 49 0.027887 0.004764 473.16 0.42
E 1 51 0.026125 0.003405 392.33 0.21
E 1 52 0.027949 0.003084 441.65 4.03
E 1 57 0.021319 0.001926 331.68 3.28
E 1 60 0.027723 0.004515 412.18 13.01
E 1 61 0.027629 0.005330 410.40 0.10
E 1 62 0.026436 0.004022 448.34 1.10
E 1 67 0.027595 0.004664 434.36 7.03
E 1 69 0.022903 0.003084 407.27 11.36
E 1 75 0.027427 0.006590 410.47 0.28
E 1 77 0.004961 0.000000 504.00 0.97
E 1 81 0.027482 0.004439 392.08 3.88
E 1 82 0.025833 0.006181 440.82 675.34
E 1 96 0.006209 0.000032 660.00 0.00
E 1 101 0.020488 0.002139 313.52 1.24
E 1 106 0.021772 0.000791 430.25 0.05
E 1 108 0.026437 0.004355 392.13 3.83
E 1 115 0.027514 0.005720 465.06 15.47
E 1 117 0.017287 0.000303 281.47 29.20
E 1 119 0.027846 0.007220 402.21 0.24
E 1 131 0.030244 0.005398 435.12 0.41
E 1 139 0.030449 0.004240 579.89 5.87
E 1 142 0.023790 0.002544 362.41 3.41
E 1 146 0.028526 0.006928 435.25 0.47
E 2 5 0.004273 0.000000 476.00 1.73
E 2 6 0.024518 0.004064 2600.00 0.70
E 2 9 0.025780 0.004059 399.02 3.36
E 2 11 0.032485 0.005385 521.73 0.88
E 2 13 0.009362 0.003456 996.00 4.65
E 2 15 0.002449 0.000000 248.00 2.81
E 2 18 0.030027 0.005809 469.96 0.08
E 2 20 0.026540 0.004956 381.03 27.93
E 2 25 0.030028 0.004240 544.67 0.12
E 2 26 0.022248 0.002432 346.92 22.00
E 2 35 0.031806 0.009158 475.97 26.40
E 2 38 0.031806 0.009158 388.63 21.70
E 2 44 0.029688 0.001018 438.04 4.39
E 2 48 0.024191 0.002598 377.72 0.05
E 2 49 0.002513 0.000000 256.00 0.23
E 2 50 0.029041 0.003678 421.20 1.11
E 2 51 0.035961 0.009329 451.32 0.08
E 2 52 0.029729 0.005115 408.08 1.34
E 2 54 0.026748 0.004485 411.17 0.30
E 2 60 0.045291 0.000904 473.47 23.93
E 2 62 0.002513 0.000000 256.00 0.32
E 2 67 0.035961 0.012211 663.56 9.42
E 2 71 0.020570 0.002006 337.00 1.47
E 2 75 0.005634 0.000352 588.00 1.30
E 2 77 0.027238 0.004595 407.43 0.05
E 2 78 0.030328 0.005540 549.78 0.00
E 2 80 0.029018 0.004704 465.23 13.85
E 2 85 0.027142 0.006015 386.33 2.64
E 2 88 0.028378 0.005739 403.51 0.45
E 2 96 0.029956 0.004176 458.42 73.09
E 2 98 0.032383 0.005815 471.09 133.66
E 2 99 0.025822 0.004910 416.38 23.70
E 2 101 0.002513 0.000000 256.00 139.68
E 2 107 0.020712 0.002495 332.32 0.00
E 2 108 0.006785 0.001760 732.00 1.15
E 2 109 0.029533 0.005026 438.95 13.95
E 2 115 0.012002 0.003456 1268.00 587.84
E 2 119 0.004273 0.000000 476.00 1.63
E 2 120 0.030125 0.005616 420.92 1.22
E 2 130 0.031937 0.006784 430.72 0.00
E 2 131 0.006785 0.001760 732.00 57.80
E 2 139 0.031673 0.007350 518.60 12.49
E 2 143 0.033162 0.005300 461.28 17.69
E 2 145 0.025936 0.006354 379.22 1.26
E 2 146 0.010770 0.002048 1172.00 3.52
E 2 147 0.026456 0.003993 396.49 3.84
E 2 148 0.030522 0.006425 463.80 59.81
E 2 149 0.034041 0.007619 503.78 13.93
E 3 15 0.016866 0.005960 278.46 0.00
E 3 34 0.020440 0.003118 298.67 1.57
E 3 40 0.019850 0.003533 299.14 0.27
E 3 58 0.021924 0.006206 365.71 0.36
E 3 59 0.018754 0.003825 261.87 0.12
E 3 63 0.019939 0.004351 338.58 6.46
E 3 65 0.019192 0.004058 295.96 31.35
E 3 66 0.017407 0.000769 305.56 0.12
E 3 83 0.019944 0.005003 303.66 61.69
E 3 86 0.018788 0.004209 295.52 0.16
E 3 90 0.020016 0.003276 294.76 1.44
E 3 92 0.018139 0.001764 296.84 2.89
E 3 112 0.017476 0.002652 285.18 3.10
E 3 114 0.025109 0.003256 355.97 0.58
E 3 116 0.018321 0.002167 299.91 0.34
E 3 124 0.026975 0.002035 590.10 2.62
E 3 125 0.015692 0.002195 250.29 2.04
E 3 128 0.018296 0.003349 287.55 0.50
E 4 23 0.024835 0.004807 369.26 0.96
E 4 25 0.024385 0.004249 381.86 84.13
E 4 36 0.021661 0.005484 366.16 1076.21
E 4 37 0.025700 0.003980 402.99 56.94
E 4 39 0.024938 0.004795 385.27 0.40
E 4 40 0.025231 0.005741 364.93 54.81
E 4 43 0.024416 0.007723 416.20 116.55
E 4 44 0.026253 0.006402 488.44 83.08
E 4 53 0.024889 0.004962 402.86 1.24
E 4 56 0.024788 0.005250 399.69 0.24
E 4 59 0.024635 0.003808 375.65 0.62
E 4 66 0.025849 0.006158 402.69 0.93
E 4 67 0.027006 0.006004 411.64 138.23
E 4 69 0.023718 0.004961 436.48 46.94
E 4 83 0.023440 0.003027 364.55 0.71
E 4 84 0.025248 0.005265 455.55 110.05
E 4 90 0.024145 0.003844 316.21 0.06
E 4 92 0.002929 0.000000 308.00 0.01
E 4 95 0.023977 0.004565 361.10 89.49
E 4 97 0.025615 0.005184 373.37 21.25
E 4 100 0.025635 0.005008 383.52 120.87
E 4 111 0.024456 0.004811 378.74 0.76
E 4 118 0.027178 0.005926 400.14 138.41
E 4 122 0.024762 0.004640 392.23 1.84
E 4 124 0.025963 0.006523 389.94 0.02
E 4 126 0.025491 0.005213 411.52 1.68
E 4 127 0.023018 0.000882 312.28 0.64
E 4 129 0.026411 0.005347 396.93 4.19
E 4 131 0.027311 0.002073 431.53 139.67
E 4 133 0.025479 0.005115 380.89 2.55
E 4 138 0.024937 0.004274 335.40 0.07
E 4 140 0.025376 0.004916 408.87 57.43
E 4 146 0.023456 0.001890 370.01 8.58
E 5 12 0.025132 0.003300 384.45 15.73
E 5 13 0.025053 0.002273 390.50 16.83
E 5 14 0.002801 0.000000 292.00 2.21
E 5 18 0.028932 0.005813 413.32 2.32
E 5 20 0.027310 0.004862 421.27 2.92
E 5 24 0.024114 0.001842 359.07 0.36
E 5 35 0.025923 0.003241 396.55 1.81
E 5 38 0.025309 0.001781 409.66 0.64
E 5 43 0.027746 0.007317 409.87 341.58
E 5 49 0.029121 0.005879 535.65 0.83
E 5 50 0.023671 0.001634 364.94 0.54
E 5 51 0.025546 0.003889 390.83 0.43
E 5 52 0.010435 0.000096 1072.00 0.31
E 5 57 0.024860 0.002465 384.12 8.72
E 5 58 0.002065 0.000000 200.00 212.64
E 5 60 0.028010 0.003233 409.92 3.20
E 5 61 0.025824 0.003380 415.16 2.33
E 5 62 0.027559 0.004009 385.56 0.25
E 5 63 0.019715 0.004274 395.06 0.51
E 5 67 0.026366 0.002914 379.98 4.45
E 5 73 0.024141 0.002205 392.30 12.59
E 5 77 0.004961 0.000000 504.00 0.67
E 5 80 0.031598 0.004502 449.64 0.93
E 5 81 0.025428 0.002437 401.10 2.07
E 5 82 0.024256 0.002172 390.94 1.22
E 5 91 0.002161 0.000000 212.00 0.96
E 5 96 0.027787 0.001402 431.30 1.48
E 5 98 0.012099 0.001920 1280.00 2.42
E 5 101 0.029564 0.004502 436.46 42.05
E 5 104 0.030316 0.004975 436.55 1.95
E 5 108 0.025282 0.004653 398.69 0.35
E 5 111 0.026466 0.000735 382.54 9.74
E 5 114 0.017590 0.004523 249.25 66.39
E 5 115 0.026572 0.003557 380.22 13.73
E 5 119 0.029408 0.008332 397.59 1.77
E 5 129 0.026851 0.004962 404.56 0.47
E 5 130 0.026508 0.003897 401.25 267.45
E 5 131 0.030207 0.007278 434.54 146.90
E 5 135 0.024011 0.002985 356.18 1.03
E 5 139 0.025881 0.003761 387.11 1.25
E 5 142 0.029685 0.006396 441.43 6.54
E 5 143 0.026163 0.002827 415.81 25.86
E 5 146 0.026150 0.005940 392.89 59.88
E 5 148 0.031937 0.002960 458.32 10.12
E 5 149 0.033901 0.006615 473.28 0.47
E 6 8 0.026748 0.005974 436.67 0.02
E 6 9 0.018265 0.001153 298.60 196.79
E 6 11 0.024341 0.004143 372.99 1.37
E 6 15 0.026525 0.001573 406.05 15.36
E 6 25 0.028584 0.002185 449.07 18.55
E 6 26 0.002417 0.000000 244.00 2.50
E 6 29 0.024369 0.004373 370.71 2.82
E 6 34 0.021962 0.005653 350.22 0.19
E 6 43 0.031303 0.005276 434.75 10.29
E 6 44 0.027593 0.002210 410.64 18.43
E 6 45 0.025170 0.003368 389.33 5.30
E 6 50 0.007073 0.001856 768.00 0.08
E 6 53 0.026152 0.002088 362.60 1.16
E 6 54 0.029259 0.004453 410.22 25.54
E 6 64 0.027107 0.001929 417.57 12.07
E 6 65 0.023752 0.000509 379.70 100.56
E 6 72 0.033328 0.003498 492.05 2.55
E 6 77 0.005025 0.000064 512.00 0.15
E 6 80 0.013779 0.001984 1432.00 21.45
E 6 85 0.030880 0.002646 418.18 17.77
E 6 89 0.025546 0.002539 397.58 6.55
E 6 90 0.024212 0.000969 356.56 0.31
E 6 94 0.024651 0.001679 375.32 0.31
E 6 98 0.003697 0.000000 404.00 2.37
E 6 99 0.013619 0.000352 1412.00 31.47
E 6 104 0.029139 0.003355 414.84 6.22
E 6 105 0.023862 0.001717 346.37 0.34
E 6 111 0.026762 0.002459 562.50 1.07
E 6 113 0.028823 0.002235 431.34 12.14
E 6 114 0.025870 0.004517 414.99 72.72
E 6 120 0.030872 0.004777 446.18 0.31
E 6 130 0.029570 0.004977 416.50 52.53
E 6 135 0.026513 0.002831 443.75 5.99
E 6 139 0.027934 0.003618 381.95 10.26
E 6 143 0.029741 0.000849 452.51 2.99
E 6 148 0.028781 0.001471 433.22 1.33
E 6 149 0.002481 0.000000 252.00 20.79
E 7 21 0.021660 0.002347 341.96 1.15
E 7 22 0.019791 0.003237 305.40 0.00
E 7 23 0.020666 0.000204 345.14 0.00
E 7 27 0.016601 0.004862 281.85 171.66
E 7 30 0.022810 0.004934 362.90 0.00
E 7 33 0.025037 0.005379 460.41 0.00
E 7 36 0.022662 0.005597 307.72 156.46
E 7 37 0.022903 0.003925 483.29 0.00
E 7 42 0.019997 0.002655 323.26 0.00
E 7 46 0.020974 0.003027 375.27 3.18
E 7 47 0.021886 0.004409 366.68 36.85
E 7 53 0.023348 0.002714 370.50 0.01
E 7 55 0.027037 0.004841 395.81 287.56
E 7 66 0.021998 0.004447 379.50 3.03
E 7 76 0.023700 0.006106 402.60 6.44
E 7 87 0.021293 0.002772 331.19 24.55
E 7 93 0.021613 0.003569 365.24 5.22
E 7 95 0.021382 0.005310 338.89 0.00
E 7 97 0.026818 0.006393 411.34 1.20
E 7 100 0.023956 0.003188 364.73 531.97
E 7 110 0.022657 0.003832 349.15 13.10
E 7 118 0.024464 0.003075 384.43 0.91
E 7 127 0.020609 0.001853 324.77 16.41
E 7 133 0.023700 0.004264 366.07 33.62
E 7 136 0.022798 0.004163 358.45 2.65
E 7 141 0.021292 0.002938 331.60 3.78
E 8 10 0.023073 0.003134 361.56 9.75
E 8 15 0.022904 0.000848 455.82 0.00
E 8 24 0.029937 0.006473 449.02 0.00
E 8 25 0.027823 0.002162 479.76 23.15
E 8 31 0.027886 0.004879 393.79 8.83
E 8 43 0.029009 0.005088 521.50 0.03
E 8 44 0.022071 0.004687 373.21 23.20
E 8 45 0.028290 0.006307 419.75 14.47
E 8 53 0.024175 0.005160 379.35 19.28
E 8 54 0.027808 0.005195 393.59 2.79
E 8 63 0.021258 0.004350 343.17 5.42
E 8 64 0.032741 0.002714 364.50 23.37
E 8 68 0.027676 0.004967 426.92 0.29
E 8 72 0.029915 0.002035 369.17 14.19
E 8 73 0.027292 0.007302 388.64 3.60
E 8 89 0.028105 0.005907 429.70 20.25
E 8 94 0.026834 0.004565 421.66 0.00
E 8 104 0.027346 0.004862 396.72 8.11
E 8 105 0.027267 0.004740 404.49 1.21
E 8 111 0.021886 0.003484 346.10 0.26
E 8 112 0.021589 0.004776 354.38 2.68
E 8 113 0.028897 0.000961 421.80 23.48
E 8 114 0.027498 0.006822 424.87 1.63
E 8 118 0.025342 0.003748 384.30 48.24
E 8 122 0.023418 0.004329 364.08 11.54
E 8 134 0.027210 0.005374 442.71 0.14
E 8 135 0.029276 0.005495 448.68 10.64
E 8 140 0.022380 0.003180 356.66 33.99
E 9 11 0.021759 0.003860 350.32 3.86
E 9 25 0.029263 0.003117 420.39 0.00
E 9 26 0.029687 0.005088 374.67 233.27
E 9 29 0.021068 0.003119 346.03 56.55
E 9 35 0.028306 0.004159 477.91 0.00
E 9 38 0.026293 0.003779 422.22 0.00
E 9 43 0.029083 0.004089 451.33 8.64
E 9 44 0.029493 0.004890 433.68 0.00
E 9 45 0.023009 0.007910 403.16 1.35
E 9 50 0.031271 0.004485 404.47 10.81
E 9 53 0.028162 0.001526 691.66 0.00
E 9 54 0.028543 0.003957 409.38 0.00
E 9 64 0.024083 0.003466 367.76 0.00
E 9 68 0.018965 0.001200 297.86 49.22
E 9 71 0.028542 0.005724 391.04 16.89
E 9 72 0.029782 0.004050 452.33 0.01
E 9 79 0.016798 0.003910 294.54 0.00
E 9 80 0.028218 0.003618 469.64 0.00
E 9 85 0.028738 0.005367 404.06 0.00
E 9 89 0.021290 0.003247 320.60 0.00
E 9 99 0.024849 0.003577 363.63 75.73
E 9 107 0.025387 0.004355 408.67 39.76
E 9 113 0.024200 0.004951 391.11 0.00
E 9 120 0.029958 0.006300 445.24 11.04
E 9 130 0.002321 0.000000 232.00 55.86
E 9 143 0.005378 0.000288 556.00 337.47
E 9 148 0.029254 0.004086 442.38 140.48
E 9 149 0.034436 0.002544 479.93 0.00
E 10 29 0.020854 0.003726 350.79 35.77
E 10 63 0.019906 0.005201 341.93 0.00
E 10 65 0.024816 0.004040 377.22 2.51
E 10 68 0.024564 0.006094 334.17 29.45
E 10 73 0.026126 0.004689 413.53 7.68
E 10 79 0.019431 0.007083 327.65 0.60
E 10 89 0.020981 0.005705 388.66 9.85
E 10 94 0.025711 0.004033 392.01 19.52
E 10 105 0.025711 0.004033 385.08 0.75
E 10 112 0.020938 0.004398 387.33 44.73
E 10 134 0.024524 0.004501 377.08 0.53
E 10 135 0.026296 0.002374 467.51 4.72
E 11 15 0.028561 0.004148 410.11 1.65
E 11 24 0.030025 0.003983 424.67 20.60
E 11 25 0.028584 0.002185 399.32 250.35
E 11 26 0.030992 0.001114 416.59 2.12
E 11 29 0.025020 0.005693 389.61 0.05
E 11 43 0.030986 0.005034 444.90 0.71
E 11 44 0.028718 0.002388 420.88 433.26
E 11 45 0.023512 0.005642 374.73 67.19
E 11 50 0.037489 0.009837 790.40 1.61
E 11 53 0.028069 0.002456 402.74 4.54
E 11 54 0.029248 0.004475 430.02 5.51
E 11 64 0.023471 0.003070 382.54 260.01
E 11 71 0.017701 0.000544 1864.00 0.00
E 11 72 0.033873 0.003271 492.29 11.50
E 11 73 0.024598 0.002421 394.61 4.53
E 11 77 0.033758 0.004817 498.10 1.90
E 11 80 0.030533 0.003222 438.34 210.32
E 11 85 0.030893 0.002835 423.34 277.49
E 11 89 0.023224 0.003983 368.76 29.70
E 11 98 0.039185 0.001074 455.81 0.16
E 11 99 0.031269 0.000961 481.11 0.05
E 11 104 0.029411 0.003756 439.71 2.66
E 11 111 0.029603 0.002544 511.06 1.51
E 11 113 0.023888 0.005621 370.11 260.80
E 11 114 0.025907 0.004688 371.47 0.11
E 11 120 0.031331 0.005791 472.69 0.49
E 11 130 0.030115 0.003733 518.34 0.14
E 11 134 0.025379 0.006106 395.44 0.28
E 11 139 0.028616 0.005219 412.20 37.91
E 11 143 0.030437 0.001319 468.58 0.19
E 11 148 0.028774 0.001992 533.84 0.11
E 11 149 0.030533 0.002545 446.74 197.07
E 12 13 0.028077 0.003137 677.20 0.07
E 12 14 0.023069 0.002465 362.49 1.99
E 12 20 0.027541 0.004639 411.94 27.78
E 12 35 0.027427 0.005540 473.03 11.03
E 12 38 0.025900 0.001163 359.86 11.84
E 12 48 0.022820 0.001078 361.35 235.83
E 12 49 0.027746 0.005217 382.87 27.31
E 12 51 0.024878 0.003647 383.57 0.00
E 12 52 0.028705 0.004280 439.07 8.36
E 12 57 0.010548 0.000448 1028.00 3.63
E 12 60 0.022606 0.002006 350.48 12.05
E 12 61 0.023032 0.003550 372.07 0.00
E 12 62 0.026921 0.005815 463.89 15.64
E 12 67 0.028811 0.003873 484.19 4.97
E 12 71 0.020992 0.000951 306.54 0.73
E 12 75 0.027043 0.005088 401.32 0.51
E 12 78 0.021670 0.001736 336.81 64.21
E 12 81 0.025619 0.003146 377.93 1.22
E 12 88 0.026619 0.004367 387.43 360.14
E 12 96 0.008914 0.000416 940.00 0.22
E 12 101 0.030066 0.004706 425.37 0.29
E 12 109 0.028322 0.005317 403.84 1.22
E 12 119 0.002257 0.000000 224.00 1.27
E 12 123 0.021530 0.001477 334.64 0.15
E 12 131 0.030543 0.003238 490.32 0.08
E 12 139 0.030451 0.004240 387.43 8.04
E 12 142 0.029518 0.007250 415.23 10.40
E 12 145 0.025658 0.006029 413.42 77.16
E 12 146 0.029561 0.005211 490.32 0.36
E 13 15 0.031724 0.000000 742.91 0.23
E 13 16 0.021195 0.002570 340.19 0.39
E 13 18 0.022175 0.001679 403.20 49.09
E 13 20 0.025969 0.003697 434.21 0.71
E 13 35 0.025586 0.003419 375.32 0.76
E 13 36 0.022730 0.003486 363.88 0.11
E 13 38 0.025053 0.002273 396.91 0.63
E 13 49 0.028534 0.004884 457.53 5.67
E 13 51 0.026756 0.005330 379.57 83.34
E 13 52 0.005538 0.000448 576.00 7.32
E 13 56 0.021732 0.003068 333.83 0.78
E 13 57 0.023310 0.002725 379.37 107.33
E 13 58 0.024223 0.002035 526.87 0.13
E 13 60 0.027964 0.002835 387.95 0.54
E 13 61 0.026366 0.003761 433.44 2.42
E 13 62 0.024275 0.005445 395.96 24.36
E 13 67 0.026372 0.002854 371.04 0.38
E 13 69 0.023343 0.003813 400.43 0.39
E 13 70 0.018022 0.001280 1788.00 0.52
E 13 77 0.004961 0.000000 504.00 216.63
E 13 81 0.027060 0.003053 418.83 6.38
E 13 87 0.019870 0.003193 308.60 0.49
E 13 91 0.024223 0.002035 369.54 60.99
E 13 93 0.020728 0.003929 423.13 186.02
E 13 96 0.034502 0.009226 462.37 2.38
E 13 97 0.029688 0.007802 484.07 516.86
E 13 101 0.027653 0.005088 393.84 0.08
E 13 106 0.024501 0.004264 374.01 148.17
E 13 108 0.026407 0.005290 384.25 0.60
E 13 110 0.021267 0.003074 361.93 41.49
E 13 111 0.024212 0.001599 338.19 1.14
E 13 115 0.026817 0.004786 424.39 0.05
E 13 119 0.026016 0.007717 402.92 0.60
E 13 121 0.020707 0.003957 345.83 185.35
E 13 129 0.025952 0.003285 415.03 1.21
E 13 130 0.025327 0.002982 427.25 35.00
E 13 131 0.030749 0.005722 457.36 0.40
E 13 136 0.019744 0.003074 346.99 149.42
E 13 139 0.031888 0.002951 468.57 0.40
E 13 142 0.023854 0.002886 369.47 0.95
E 13 143 0.027026 0.002638 403.03 1.02
E 13 144 0.023276 0.006131 343.93 0.24
E 13 146 0.026485 0.006825 434.87 0.99
E 14 18 0.028794 0.004565 414.40 14.00
E 14 19 0.024855 0.005512 444.73 0.95
E 14 20 0.028205 0.004807 418.16 105.98
E 14 26 0.027898 0.005181 440.21 0.00
E 14 35 0.035963 0.001866 625.94 67.97
E 14 38 0.028427 0.004555 489.71 35.65
E 14 48 0.029207 0.004749 439.27 31.07
E 14 49 0.027653 0.003121 463.80 46.10
E 14 52 0.028421 0.004813 418.94 59.69
E 14 60 0.025501 0.003232 388.86 93.18
E 14 62 0.028726 0.003335 401.67 385.07
E 14 67 0.028074 0.005992 422.42 6.45
E 14 75 0.027715 0.004548 419.19 5.52
E 14 77 0.007474 0.000256 760.00 9.40
E 14 78 0.024291 0.002614 353.91 6.29
E 14 80 0.031734 0.005637 464.95 3.81
E 14 81 0.025558 0.002839 417.90 10.71
E 14 82 0.023018 0.007349 450.09 0.08
E 14 88 0.029844 0.006911 422.21 5.99
E 14 96 0.028473 0.002575 427.13 0.03
E 14 98 0.030989 0.007267 419.55 0.14
E 14 101 0.002225 0.000000 220.00 1.50
E 14 109 0.027670 0.004558 420.26 26.44
E 14 115 0.027584 0.006648 432.49 0.92
E 14 123 0.022670 0.002145 338.93 7.47
E 14 131 0.028882 0.002650 459.84 0.46
E 14 143 0.029077 0.009294 374.92 0.00
E 14 145 0.027453 0.006761 403.30 392.87
E 14 146 0.024213 0.005145 410.85 14.14
E 14 147 0.027311 0.004323 411.46 26.37
E 14 148 0.030086 0.005165 484.35 2.77
E 14 149 0.032283 0.006013 430.58 4.46
E 15 17 0.020267 0.002766 329.70 0.14
E 15 25 0.027845 0.002957 449.74 11.24
E 15 34 0.021480 0.002171 366.37 4.12
E 15 35 0.037150 0.004749 389.51 28.81
E 15 38 0.025743 0.004749 465.42 20.71
E 15 43 0.029363 0.004952 448.10 0.01
E 15 44 0.025970 0.003046 405.35 10.96
E 15 45 0.026431 0.003521 425.59 0.11
E 15 51 0.026183 0.001272 397.45 3.14
E 15 53 0.026245 0.003153 421.55 6.68
E 15 56 0.004993 0.000224 508.00 67.96
E 15 58 0.026465 0.001187 560.43 157.35
E 15 64 0.027035 0.002374 367.07 9.71
E 15 70 0.004993 0.000224 508.00 7.21
E 15 72 0.030737 0.002917 400.78 5.11
E 15 80 0.026466 0.002148 416.67 10.78
E 15 83 0.024770 0.004749 368.26 19.22
E 15 84 0.022444 0.007487 329.89 0.58
E 15 85 0.030918 0.003886 485.22 11.11
E 15 90 0.021676 0.004610 346.36 5.05
E 15 91 0.026465 0.001187 431.73 3.36
E 15 96 0.028175 0.001539 403.89 5.83
E 15 97 0.026465 0.001187 535.07 68.26
E 15 104 0.030251 0.003822 423.95 29.68
E 15 111 0.027220 0.002613 405.76 0.32
E 15 113 0.028544 0.000832 433.45 7.96
E 15 114 0.025298 0.004793 375.48 0.29
E 15 115 0.002417 0.000000 244.00 0.19
E 15 120 0.032527 0.005257 434.47 0.58
E 15 129 0.026466 0.001187 481.88 10.43
E 15 130 0.028951 0.003957 434.96 0.08
E 15 139 0.027003 0.003288 396.50 6.58
E 15 143 0.029742 0.001017 534.25 2.68
E 15 149 0.033487 0.004138 447.79 4.70
E 16 17 0.021378 0.000746 324.79 0.02
E 16 18 0.021378 0.000848 597.66 0.23
E 16 23 0.024004 0.006826 539.72 28.63
E 16 28 0.024317 0.004988 385.29 0.00
E 16 36 0.023888 0.004699 381.38 0.65
E 16 41 0.025531 0.007335 386.97 0.51
E 16 46 0.022962 0.002056 384.31 0.09
E 16 49 0.020184 0.002509 325.86 0.68
E 16 57 0.022189 0.001462 349.41 28.78
E 16 61 0.002385 0.000000 240.00 1.13
E 16 62 0.023510 0.004569 377.73 2.43
E 16 69 0.024160 0.004914 386.13 0.69
E 16 74 0.015969 0.001008 271.73 0.04
E 16 76 0.026464 0.007090 387.45 7.53
E 16 82 0.006514 0.000160 640.00 5.69
E 16 87 0.023600 0.003075 378.60 0.03
E 16 95 0.023345 0.003146 387.66 34.66
E 16 101 0.023411 0.003121 374.04 0.43
E 16 103 0.023580 0.002991 375.34 0.05
E 16 106 0.024163 0.003861 377.48 0.32
E 16 117 0.023918 0.003256 387.85 35.28
E 16 119 0.023307 0.004274 361.50 0.12
E 16 121 0.021044 0.003359 342.65 0.54
E 16 132 0.023539 0.002989 415.19 0.02
E 16 142 0.024141 0.003939 348.37 2.96
E 16 144 0.023277 0.003799 368.66 0.43
E 16 150 0.003617 0.000000 336.00 2.13
E 17 23 0.024046 0.004824 352.80 6.79
E 17 36 0.023808 0.003618 408.93 0.78
E 17 39 0.025138 0.004715 391.62 0.04
E 17 40 0.023208 0.002808 381.34 6.08
E 17 41 0.025374 0.006566 412.19 3.05
E 17 46 0.023764 0.003574 336.43 1.77
E 17 55 0.027171 0.004579 405.35 0.19
E 17 56 0.024348 0.003839 353.36 0.00
E 17 58 0.023639 0.002744 362.06 0.28
E 17 59 0.017384 0.000709 254.19 0.00
E 17 61 0.002385 0.000000 240.00 0.16
E 17 66 0.031045 0.002035 411.92 0.03
E 17 69 0.023757 0.003946 371.00 1.12
E 17 70 0.024683 0.004176 394.14 15.22
E 17 76 0.025373 0.005757 395.02 14.42
E 17 82 0.022375 0.001611 401.52 33.97
E 17 83 0.023257 0.002504 423.16 174.59
E 17 84 0.020782 0.004551 336.10 17.67
E 17 87 0.022138 0.001526 453.50 0.08
E 17 91 0.025268 0.004576 384.07 0.18
E 17 93 0.020870 0.000678 352.00 2.45
E 17 95 0.021208 0.001356 397.94 25.59
E 17 103 0.020397 0.001172 331.06 0.02
E 17 106 0.021832 0.000848 447.48 0.07
E 17 110 0.003874 0.000128 368.00 464.79
E 17 111 0.023188 0.002323 378.81 0.15
E 17 117 0.021208 0.000678 320.92 26.28
E 17 124 0.022915 0.004070 359.59 1.56
E 17 125 0.014884 0.000609 243.20 0.80
E 17 129 0.024706 0.002904 368.71 10.37
E 17 144 0.022509 0.002883 350.18 1.65
E 17 150 0.026546 0.004623 408.13 2.48
E 18 20 0.028966 0.006520 426.78 72.24
E 18 26 0.029332 0.004991 467.39 427.57
E 18 35 0.028816 0.003586 371.56 87.74
E 18 38 0.028632 0.003241 441.40 65.85
E 18 43 0.028671 0.006784 420.52 0.89
E 18 48 0.031946 0.005691 469.79 0.09
E 18 49 0.028755 0.005173 463.16 1.44
E 18 50 0.030220 0.007382 431.07 4.57
E 18 51 0.028377 0.006396 412.68 0.12
E 18 52 0.029470 0.005003 428.12 1.32
E 18 57 0.018486 0.000740 288.16 1.95
E 18 60 0.028840 0.006321 434.73 58.38
E 18 62 0.027494 0.004845 451.41 3.07
E 18 67 0.028605 0.005440 432.94 2.13
E 18 69 0.024598 0.006954 382.29 21.61
E 18 75 0.028690 0.005210 448.90 0.24
E 18 77 0.029613 0.006421 466.13 0.87
E 18 78 0.030592 0.006520 433.33 2.10
E 18 80 0.030604 0.006173 483.32 57.41
E 18 88 0.032401 0.002261 653.82 0.25
E 18 98 0.031686 0.008277 447.40 17.23
E 18 99 0.030253 0.003392 459.57 9.19
E 18 101 0.018888 0.001591 296.85 22.74
E 18 106 0.024290 0.004390 377.70 0.47
E 18 108 0.025463 0.005828 398.11 8.65
E 18 109 0.029314 0.004433 418.82 45.37
E 18 115 0.028261 0.006479 499.52 59.59
E 18 117 0.017543 0.000477 273.30 97.50
E 18 119 0.021886 0.003872 330.88 1.04
E 18 120 0.002641 0.000000 272.00 0.03
E 18 121 0.022339 0.004636 351.79 53.74
E 18 123 0.028578 0.003940 431.64 0.43
E 18 130 0.027266 0.005427 454.91 15.60
E 18 131 0.029321 0.004918 422.52 1.16
E 18 142 0.021352 0.000773 335.47 4.96
E 18 143 0.027266 0.005427 487.74 69.04
E 18 147 0.030127 0.005733 475.60 47.18
E 18 148 0.029066 0.003675 670.26 100.07
E 18 149 0.035164 0.006445 462.16 58.33
E 19 21 0.023121 0.004506 357.13 0.19
E 19 28 0.023413 0.004918 392.32 1.70
E 19 33 0.026877 0.004894 351.00 16.84
E 19 46 0.022904 0.001244 366.80 4.10
E 19 67 0.027625 0.005912 408.35 536.19
E 19 74 0.024095 0.004080 380.95 0.70
E 19 82 0.025672 0.003423 423.34 0.37
E 19 87 0.021773 0.001357 326.96 0.05
E 19 102 0.020784 0.003562 337.62 3.04
E 19 117 0.023132 0.003205 331.52 0.00
E 19 121 0.023402 0.004603 373.13 0.66
E 19 132 0.023462 0.003562 362.55 1.14
E 19 137 0.022887 0.003049 354.60 0.88
E 20 26 0.026540 0.004956 407.70 11.75
E 20 35 0.026401 0.003654 392.38 0.03
E 20 38 0.026463 0.003802 438.16 0.02
E 20 48 0.027596 0.005396 416.48 43.35
E 20 49 0.028774 0.004984 413.87 2.76
E 20 50 0.028971 0.005393 408.91 104.72
E 20 51 0.027300 0.005309 426.05 12.70
E 20 52 0.028336 0.004798 423.47 10.43
E 20 57 0.025753 0.003166 396.98 1.47
E 20 58 0.025051 0.001405 392.58 14.50
E 20 60 0.027590 0.004662 422.68 0.09
E 20 61 0.027456 0.004070 402.02 17.63
E 20 62 0.027685 0.004443 426.98 1.32
E 20 67 0.027684 0.004794 407.75 2.32
E 20 70 0.007090 0.000128 712.00 7.95
E 20 71 0.027105 0.004380 378.83 102.48
E 20 77 0.022805 0.003265 332.53 28.14
E 20 78 0.027835 0.005001 402.19 40.34
E 20 81 0.027570 0.004542 427.94 12.30
E 20 88 0.027697 0.005347 414.04 78.48
E 20 91 0.026972 0.004071 413.53 30.97
E 20 96 0.029755 0.002205 403.37 31.63
E 20 98 0.030865 0.006888 473.80 21.59
E 20 101 0.028565 0.004488 475.57 2.29
E 20 108 0.027873 0.006897 445.69 142.56
E 20 115 0.027331 0.004173 412.97 2.55
E 20 119 0.029379 0.008480 433.03 108.06
E 20 123 0.027650 0.005199 409.79 40.04
E 20 129 0.027386 0.004484 390.64 0.08
E 20 130 0.028499 0.003391 405.34 37.45
E 20 131 0.031316 0.006719 456.39 40.68
E 20 139 0.032932 0.003877 418.01 0.19
E 20 142 0.028394 0.004715 432.02 4.45
E 20 143 0.030412 0.005814 416.96 23.70
E 20 145 0.027318 0.006625 416.58 0.42
E 20 146 0.027371 0.004722 437.60 43.24
E 21 23 0.019445 0.002442 344.21 15.96
E 21 28 0.026296 0.004805 429.47 2.14
E 21 30 0.024260 0.005162 371.52 7.29
E 21 33 0.021579 0.001624 349.60 0.04
E 21 41 0.021546 0.003986 360.02 0.28
E 21 42 0.021641 0.002626 328.89 70.70
E 21 46 0.022472 0.002466 351.15 13.59
E 21 55 0.024309 0.004599 366.60 0.57
E 21 76 0.024511 0.006432 421.09 29.91
E 21 87 0.021943 0.002601 351.59 0.23
E 21 95 0.022147 0.004621 366.83 0.04
E 21 117 0.023227 0.002171 348.41 0.04
E 21 121 0.024099 0.004749 368.33 9.41
E 21 127 0.021629 0.002171 361.87 1.27
E 21 136 0.021745 0.002660 341.23 1.23
E 21 137 0.020332 0.000830 315.54 0.43
E 21 144 0.022540 0.005427 343.93 0.47
E 21 150 0.026558 0.004111 371.45 5.38
E 22 27 0.018048 0.003967 290.08 48.54
E 22 30 0.018985 0.004902 288.03 1.49
E 22 33 0.019618 0.004280 308.83 1.00
E 22 37 0.019851 0.000339 336.62 13.83
E 22 47 0.022226 0.003731 360.34 1.06
E 22 55 0.022013 0.009625 313.06 6.43
E 22 66 0.007442 0.001824 756.00 258.94
E 22 87 0.021265 0.002730 325.69 140.18
E 22 93 0.017155 0.001726 288.45 10.60
E 22 110 0.024052 0.005014 388.44 14.20
E 22 127 0.020794 0.004108 345.57 3.04
E 22 136 0.023808 0.004774 362.95 64.70
E 22 144 0.018156 0.000000 357.91 57.73
E 23 36 0.024713 0.008649 406.55 25.75
E 23 37 0.004418 0.000224 436.00 0.11
E 23 39 0.026413 0.005540 383.42 0.00
E 23 40 0.023603 0.004157 367.08 110.74
E 23 41 0.021805 0.003834 361.07 192.85
E 23 42 0.026296 0.005088 493.62 57.56
E 23 46 0.021678 0.002070 332.43 7.24
E 23 55 0.026591 0.003201 406.42 6.45
E 23 56 0.023931 0.003810 401.03 12.36
E 23 58 0.023931 0.004134 387.18 27.69
E 23 59 0.024017 0.005621 355.65 4.69
E 23 69 0.022549 0.003283 385.37 117.96
E 23 70 0.022280 0.004096 335.60 5.12
E 23 76 0.025047 0.005872 375.23 132.92
E 23 82 0.022679 0.003522 350.05 2.34
E 23 83 0.024448 0.004862 414.90 3.01
E 23 84 0.023716 0.003918 411.56 25.08
E 23 87 0.028444 0.014812 424.21 274.19
E 23 91 0.024809 0.003935 358.44 2.75
E 23 93 0.022865 0.005842 381.91 0.23
E 23 103 0.021334 0.001208 302.56 11.58
E 23 106 0.024005 0.006826 383.73 1.03
E 23 110 0.021447 0.004960 2100.00 0.31
E 23 111 0.023205 0.003505 333.03 4.29
E 23 118 0.026282 0.003683 387.46 3.57
E 23 122 0.023963 0.004454 376.59 0.37
E 23 124 0.021887 0.003508 347.31 0.68
E 23 126 0.024802 0.005608 368.57 0.02
E 23 127 0.020982 0.003731 285.28 72.22
E 23 129 0.024922 0.004523 372.51 0.40
E 23 133 0.024396 0.003378 385.28 11.01
E 23 136 0.001937 0.000000 184.00 0.44
E 23 140 0.024356 0.004478 381.80 1.34
E 23 141 0.030706 0.000000 448.14 0.06
E 23 150 0.027232 0.005707 393.53 179.55
E 24 31 0.026381 0.002120 378.94 9.52
E 24 35 0.024626 0.001993 372.75 11.46
E 24 38 0.027133 0.004823 402.83 7.72
E 24 43 0.033657 0.003974 422.03 0.00
E 24 44 0.029940 0.003350 453.85 11.08
E 24 45 0.030870 0.005529 436.03 95.65
E 24 53 0.030813 0.005851 438.92 0.05
E 24 54 0.026957 0.003328 393.35 25.78
E 24 63 0.031384 0.000678 432.53 0.09
E 24 68 0.026381 0.002996 381.20 1.54
E 24 75 0.032370 0.004872 400.78 0.00
E 24 77 0.026160 0.002890 388.68 0.00
E 24 89 0.031091 0.005936 443.18 5.76
E 24 94 0.032654 0.011702 426.72 0.03
E 24 104 0.029137 0.003535 416.54 0.47
E 24 105 0.027040 0.005563 423.33 1.49
E 24 111 0.026296 0.000424 430.70 7.36
E 24 112 0.031383 0.002487 382.78 2.68
E 24 114 0.027313 0.002811 449.95 92.51
E 24 135 0.029842 0.004749 415.56 2.70
E 24 139 0.028028 0.004712 446.56 10.85
E 25 26 0.030365 0.000339 397.37 8.71
E 25 43 0.028199 0.005223 435.63 13.17
E 25 44 0.026710 0.002035 398.37 6.13
E 25 45 0.028838 0.003661 456.42 11.52
E 25 50 0.025305 0.003477 445.17 16.19
E 25 53 0.026061 0.001860 383.12 38.96
E 25 54 0.029596 0.004611 432.93 0.09
E 25 63 0.026296 0.008056 391.40 0.27
E 25 72 0.031057 0.002839 425.35 0.14
E 25 77 0.035116 0.011702 509.76 25.03
E 25 80 0.027067 0.004358 407.76 2.92
E 25 89 0.028753 0.003230 417.18 0.22
E 25 104 0.028618 0.003344 425.78 1.13
E 25 109 0.020078 0.005653 273.95 165.68
E 25 111 0.024844 0.002733 410.56 13.83
E 25 115 0.027880 0.007110 430.79 0.16
E 25 120 0.030238 0.004606 431.78 13.16
E 25 122 0.024866 0.004660 353.69 0.78
E 25 130 0.026040 0.003266 420.47 11.92
E 25 139 0.028816 0.005258 460.56 0.11
E 25 143 0.027267 0.003844 409.79 7.65
E 25 148 0.031183 0.004806 464.25 1.45
E 26 32 0.018092 0.000223 290.11 2.54
E 26 43 0.031406 0.006348 465.29 26.80
E 26 44 0.029349 0.000000 532.34 8.70
E 26 48 0.025118 0.002400 402.04 2.93
E 26 50 0.029918 0.004552 457.94 0.47
E 26 52 0.029747 0.004460 452.56 0.00
E 26 60 0.029689 0.005653 428.38 11.32
E 26 64 0.004770 0.000064 480.00 5.42
E 26 71 0.018697 0.000538 304.19 7.97
E 26 72 0.030175 0.003986 416.89 2.10
E 26 75 0.031473 0.005812 446.99 260.24
E 26 77 0.026381 0.004272 393.21 1.96
E 26 80 0.029224 0.005275 386.45 7.76
E 26 85 0.026348 0.006046 386.76 8.50
E 26 88 0.028174 0.005435 404.84 0.07
E 26 96 0.031064 0.003646 447.60 0.25
E 26 98 0.031704 0.005206 430.71 0.83
E 26 99 0.029160 0.003115 443.91 0.36
E 26 107 0.018315 0.002325 303.94 0.17
E 26 109 0.030036 0.005206 442.45 10.19
E 26 113 0.004770 0.000064 480.00 5.43
E 26 120 0.030702 0.005767 583.94 0.01
E 26 130 0.029458 0.004750 539.67 0.86
E 26 139 0.018212 0.001216 1928.00 5.70
E 26 143 0.029741 0.000882 496.49 0.02
E 26 147 0.026982 0.004782 383.99 8.74
E 26 148 0.028411 0.003590 449.25 0.19
E 26 149 0.034711 0.007617 455.65 7.69
E 27 42 0.016058 0.003254 255.39 0.00
E 27 47 0.016350 0.002883 274.56 15.25
E 27 66 0.019171 0.004104 288.96 639.65
E 27 116 0.002577 0.000000 264.00 0.01
E 28 36 0.024860 0.006464 409.21 2.84
E 28 41 0.023921 0.004622 376.76 0.68
E 28 46 0.023793 0.004703 364.72 0.00
E 28 55 0.024557 0.004396 375.36 0.01
E 28 56 0.017599 0.003332 270.81 2.16
E 28 74 0.022562 0.003953 369.39 1.40
E 28 76 0.024939 0.003053 721.23 34.81
E 28 87 0.020932 0.002584 341.98 0.00
E 28 95 0.022542 0.002615 374.37 1.33
E 28 102 0.020783 0.003477 356.91 0.00
E 28 106 0.024275 0.004874 405.89 35.37
E 28 110 0.023429 0.005102 344.87 0.01
E 28 117 0.023977 0.004394 360.50 1.35
E 28 121 0.023764 0.004029 370.67 7.28
E 28 132 0.024532 0.004834 373.69 57.31
E 28 136 0.022085 0.003171 346.16 0.01
E 28 137 0.020869 0.000000 226.89 0.65
E 28 142 0.027119 0.006396 397.84 21.64
E 28 144 0.023704 0.004471 333.42 0.00
E 28 150 0.020868 0.000000 709.86 21.58
E 29 64 0.020867 0.002374 298.29 16.68
E 29 65 0.023414 0.001866 328.20 0.81
E 29 68 0.023979 0.003659 381.51 0.00
E 29 73 0.024463 0.003814 391.90 0.07
E 29 94 0.023716 0.003531 376.97 7.09
E 29 105 0.023767 0.003577 362.45 0.00
E 29 113 0.020720 0.004134 320.11 16.57
E 29 135 0.024983 0.004598 403.55 0.60
E 30 33 0.021835 0.005342 371.81 2.28
E 30 42 0.024292 0.005247 370.25 0.40
E 30 55 0.022663 0.007689 360.79 44.03
E 30 74 0.019290 0.005287 334.65 3.03
E 30 102 0.017469 0.004794 298.09 5.33
E 30 111 0.024164 0.009595 392.25 7.27
E 30 121 0.021887 0.004410 365.32 2.43
E 30 127 0.024446 0.005252 370.62 3.03
E 30 136 0.023601 0.004881 351.21 5.09
E 30 144 0.023083 0.005779 371.26 6.21
E 31 34 0.024794 0.006106 409.08 7.78
E 31 63 0.020052 0.004133 348.30 11.06
E 31 65 0.021378 0.005522 343.06 34.98
E 31 68 0.024821 0.005980 396.86 5.33
E 31 73 0.024076 0.004841 375.45 31.92
E 31 79 0.024090 0.003392 351.23 4.22
E 31 86 0.021273 0.005421 334.53 3.61
E 31 90 0.019729 0.004374 304.59 1.21
E 31 94 0.020920 0.004647 324.96 13.86
E 31 104 0.009859 0.001024 1000.00 0.73
E 31 105 0.021781 0.005150 347.15 15.30
E 31 112 0.020529 0.004927 358.73 30.26
E 31 128 0.017696 0.002189 279.02 4.49
E 31 134 0.024980 0.006508 358.38 168.86
E 31 135 0.028517 0.006424 392.44 0.07
E 32 50 0.001553 0.000000 136.00 7.76
E 32 71 0.018167 0.000565 296.92 6.76
E 32 78 0.022372 0.002651 371.97 21.07
E 32 88 0.027345 0.005640 392.34 1.38
E 32 107 0.019597 0.003443 315.09 69.43
E 32 120 0.028416 0.006106 407.86 19.22
E 32 145 0.025140 0.005962 397.26 0.69
E 32 147 0.026866 0.004599 393.83 0.30
E 33 42 0.022038 0.003002 354.58 2.80
E 33 43 0.032231 0.008650 467.08 27.80
E 33 46 0.022533 0.002374 362.80 24.86
E 33 55 0.023725 0.005266 351.42 7.32
E 33 92 0.023181 0.004934 345.15 3.93
E 33 103 0.024074 0.004612 398.64 25.62
E 33 110 0.022094 0.003626 380.05 15.50
E 33 116 0.019513 0.000452 533.16 3.90
E 33 127 0.020975 0.003685 329.11 3.51
E 33 132 0.026004 0.005098 394.17 58.70
E 33 136 0.023386 0.003810 344.50 15.26
E 33 137 0.025914 0.004948 390.28 24.19
E 33 141 0.022525 0.004356 338.92 3.15
E 33 142 0.025945 0.004984 372.87 0.21
E 33 144 0.023372 0.004403 374.37 9.22
E 34 63 0.022310 0.003477 350.26 0.13
E 34 65 0.019424 0.003114 299.42 3.62
E 34 68 0.021297 0.003958 350.23 18.39
E 34 73 0.026242 0.006141 387.52 0.00
E 34 79 0.020960 0.004960 333.41 7.66
E 34 83 0.019701 0.003683 366.17 15.65
E 34 86 0.019418 0.003094 312.93 11.79
E 34 90 0.019346 0.003037 296.95 0.02
E 34 94 0.019786 0.003296 313.99 0.39
E 34 105 0.019721 0.003178 333.87 0.04
E 34 112 0.022310 0.003477 396.62 247.41
E 34 114 0.024430 0.004636 374.38 0.42
E 34 125 0.020462 0.006360 313.34 0.56
E 34 128 0.003089 0.000000 328.00 87.54
E 34 134 0.025493 0.006988 416.09 0.19
E 34 135 0.032741 0.005088 388.26 10.51
E 35 38 0.025721 0.002603 385.29 0.04
E 35 43 0.028859 0.003828 442.08 20.46
E 35 49 0.029518 0.005597 510.57 3.92
E 35 51 0.025988 0.004058 410.91 7.55
E 35 52 0.005570 0.001440 580.00 7.71
E 35 54 0.024555 0.001980 395.97 0.38
E 35 57 0.026725 0.005952 436.81 1.10
E 35 58 0.004002 0.000128 384.00 14.84
E 35 60 0.028490 0.003069 426.05 0.04
E 35 61 0.026708 0.004259 442.90 14.19
E 35 62 0.027459 0.005540 463.73 1.23
E 35 67 0.026090 0.003198 414.75 0.31
E 35 75 0.032062 0.004070 526.24 0.57
E 35 77 0.025502 0.002676 405.64 28.55
E 35 80 0.030734 0.003145 432.95 0.01
E 35 81 0.025008 0.002307 413.58 3.01
E 35 91 0.037150 0.000000 637.44 42.20
E 35 96 0.027595 0.003053 416.52 20.14
E 35 98 0.032306 0.007877 468.34 14.97
E 35 99 0.021947 0.002567 345.24 60.40
E 35 101 0.027426 0.005540 398.53 2.48
E 35 104 0.029966 0.003586 422.07 3.26
E 35 108 0.025886 0.004624 404.06 58.47
E 35 111 0.037150 0.001594 354.53 13.43
E 35 115 0.027486 0.004601 412.78 2.22
E 35 119 0.028463 0.006852 483.87 61.46
E 35 120 0.026326 0.003918 397.93 52.55
E 35 129 0.025828 0.003124 427.79 0.05
E 35 130 0.025966 0.003477 411.29 30.92
E 35 131 0.030724 0.005321 449.05 20.60
E 35 139 0.028503 0.003556 447.86 0.05
E 35 142 0.031100 0.005541 484.76 35.92
E 35 143 0.027343 0.003477 425.03 18.06
E 35 146 0.026930 0.006513 413.30 20.60
E 35 148 0.028515 0.003667 420.42 2.19
E 35 149 0.032965 0.004862 440.10 0.01
E 36 41 0.026150 0.008383 461.36 0.74
E 36 46 0.023493 0.003822 374.70 5.25
E 36 49 0.024385 0.003826 373.42 48.90
E 36 56 0.023787 0.006920 333.68 90.41
E 36 57 0.022428 0.001583 300.64 128.28
E 36 61 0.002385 0.000000 240.00 2.18
E 36 62 0.023936 0.004194 374.21 6.79
E 36 69 0.023686 0.005314 343.22 5.14
E 36 74 0.024600 0.006241 400.63 0.92
E 36 76 0.026380 0.008056 359.72 0.00
E 36 87 0.023839 0.006156 367.96 0.71
E 36 95 0.022961 0.004050 363.00 2.62
E 36 97 0.024102 0.005529 385.94 8.32
E 36 101 0.022968 0.001939 392.40 0.14
E 36 103 0.022694 0.001734 396.39 3.78
E 36 106 0.023581 0.003667 368.65 2.40
E 36 110 0.027738 0.012381 394.73 588.44
E 36 117 0.023749 0.004150 362.05 2.63
E 36 119 0.022267 0.003190 370.07 1.40
E 36 121 0.022274 0.003885 347.99 4.36
E 36 127 0.023262 0.005048 355.74 0.96
E 36 132 0.024832 0.007071 361.20 0.41
E 36 133 0.022924 0.005364 358.08 1.34
E 36 136 0.022735 0.006247 333.57 102.90
E 36 141 0.024486 0.005364 333.90 727.64
E 36 142 0.022793 0.002609 358.58 15.80
E 36 144 0.022900 0.005000 360.59 0.55
E 36 150 0.024972 0.005886 389.23 55.69
E 37 39 0.023128 0.003528 389.25 0.49
E 37 40 0.019512 0.002415 305.24 1.08
E 37 59 0.022749 0.003926 355.49 16.55
E 37 66 0.018948 0.002233 311.88 233.57
E 37 84 0.025828 0.005639 457.77 27.11
E 37 92 0.018130 0.001938 290.21 17.71
E 37 93 0.024080 0.004549 375.10 13.61
E 37 100 0.024089 0.003731 362.66 7.09
E 37 110 0.023688 0.004198 395.34 16.06
E 37 116 0.017180 0.001199 278.56 6.99
E 37 118 0.024475 0.002855 398.00 0.00
E 37 122 0.024079 0.003831 368.84 0.55
E 37 124 0.025022 0.006813 453.17 37.58
E 37 127 0.024802 0.004477 398.48 7.22
E 37 133 0.024849 0.004766 412.61 2.47
E 37 138 0.022007 0.003826 376.97 9.72
E 37 141 0.024230 0.004979 396.69 0.74
E 38 43 0.016226 0.002528 1680.00 14.86
E 38 49 0.028534 0.004884 405.40 2.56
E 38 51 0.025988 0.004058 399.25 14.79
E 38 52 0.027738 0.001470 405.72 21.46
E 38 54 0.026430 0.003842 410.06 0.72
E 38 57 0.024766 0.002465 401.41 2.51
E 38 58 0.004002 0.000128 384.00 10.80
E 38 60 0.027833 0.002583 402.55 0.02
E 38 61 0.026708 0.003623 427.44 12.67
E 38 62 0.027539 0.003693 411.47 1.02
E 38 67 0.026089 0.002494 398.19 0.50
E 38 75 0.032105 0.003485 400.63 0.57
E 38 77 0.026141 0.004579 418.73 25.33
E 38 80 0.030468 0.002756 435.01 0.02
E 38 81 0.025143 0.002216 385.30 1.82
E 38 82 0.024133 0.002205 353.96 3.57
E 38 91 0.027314 0.000000 628.00 32.37
E 38 96 0.027803 0.002721 438.61 13.16
E 38 98 0.030789 0.007081 433.28 9.67
E 38 99 0.026562 0.004728 406.07 34.68
E 38 101 0.027398 0.005343 468.79 1.94
E 38 104 0.030242 0.004004 455.39 1.36
E 38 108 0.025885 0.004624 384.62 40.93
E 38 111 0.024745 0.001545 402.32 10.49
E 38 115 0.027394 0.004410 424.92 1.87
E 38 119 0.029409 0.008332 392.10 207.43
E 38 120 0.026643 0.004164 426.11 40.45
E 38 129 0.025839 0.003279 403.30 0.11
E 38 130 0.025857 0.002917 384.19 20.59
E 38 131 0.030483 0.005048 433.15 15.22
E 38 139 0.027890 0.003447 433.10 0.18
E 38 142 0.031099 0.004975 444.35 6.97
E 38 143 0.027131 0.001982 408.54 13.85
E 38 146 0.026930 0.006513 393.20 16.97
E 38 148 0.028841 0.003834 429.54 45.40
E 38 149 0.032634 0.005741 495.37 0.02
E 39 40 0.025502 0.004027 400.08 16.64
E 39 43 0.023074 0.009045 381.56 22.09
E 39 44 0.023315 0.003465 348.65 1.13
E 39 47 0.022904 0.000543 420.76 0.00
E 39 53 0.024812 0.004186 361.31 258.84
E 39 59 0.024620 0.004309 396.84 1.03
E 39 63 0.022680 0.005560 370.35 0.09
E 39 66 0.025907 0.004365 381.50 5.56
E 39 69 0.002033 0.000000 196.00 10.30
E 39 83 0.024188 0.004378 371.02 101.15
E 39 84 0.023970 0.004347 381.91 0.00
E 39 90 0.002449 0.000000 248.00 0.38
E 39 91 0.025533 0.004292 389.83 0.03
E 39 92 0.022753 0.003850 383.50 0.48
E 39 93 0.022613 0.001454 373.27 0.89
E 39 100 0.025577 0.004048 387.47 0.25
E 39 110 0.014933 0.000960 1460.00 0.86
E 39 111 0.023829 0.003737 360.34 1.71
E 39 116 0.022753 0.002559 324.39 43.30
E 39 118 0.026755 0.004924 417.31 9.06
E 39 122 0.024647 0.005007 416.51 0.09
E 39 124 0.024344 0.004579 363.27 0.21
E 39 126 0.023667 0.003823 381.80 6.85
E 39 127 0.001905 0.000000 180.00 1.54
E 39 129 0.023771 0.003188 447.14 0.29
E 39 133 0.025099 0.003314 403.13 0.63
E 39 138 0.023125 0.004991 381.68 0.31
E 39 140 0.024768 0.004569 368.09 0.80
E 39 141 0.023567 0.003601 380.94 0.15
E 39 146 0.023304 0.002471 389.77 38.24
E 40 41 0.024004 0.005145 376.70 0.76
E 40 42 0.026296 0.005088 392.41 0.24
E 40 56 0.024055 0.003269 390.00 22.94
E 40 58 0.020937 0.003686 338.71 2.61
E 40 59 0.018732 0.003471 309.91 0.82
E 40 66 0.018750 0.002351 297.62 16.82
E 40 69 0.023001 0.003449 362.73 0.74
E 40 70 0.024224 0.004475 384.59 1.19
E 40 76 0.026063 0.005704 409.81 0.00
E 40 82 0.022955 0.001892 407.30 2.98
E 40 83 0.022841 0.002436 334.31 3.03
E 40 84 0.023706 0.004862 402.24 1.49
E 40 91 0.025020 0.004003 353.63 4.66
E 40 92 0.017847 0.002366 281.01 10.29
E 40 93 0.029688 0.001187 370.16 45.35
E 40 97 0.023817 0.002272 441.69 0.71
E 40 100 0.025242 0.003993 411.44 0.91
E 40 110 0.002801 0.000000 292.00 46.44
E 40 111 0.022904 0.002035 431.46 1.39
E 40 112 0.023922 0.000339 252.51 0.00
E 40 116 0.017839 0.002339 310.07 0.34
E 40 118 0.026183 0.004727 398.15 0.00
E 40 122 0.023705 0.002926 374.99 3.72
E 40 124 0.023886 0.005853 354.90 187.34
E 40 126 0.023230 0.003531 377.77 6.76
E 40 127 0.030367 0.007462 609.94 1.00
E 40 128 0.017780 0.002391 276.59 0.01
E 40 129 0.024824 0.002657 398.24 2.51
E 40 133 0.025037 0.003087 380.59 0.14
E 40 140 0.025069 0.004899 384.33 0.82
E 40 141 0.005730 0.001408 600.00 119.17
E 40 150 0.028669 0.005663 477.23 18.92
E 41 46 0.021775 0.004015 339.77 4.06
E 41 55 0.023354 0.003880 352.82 0.62
E 41 56 0.023940 0.005618 349.09 1.71
E 41 58 0.023623 0.006544 395.09 0.11
E 41 66 0.022580 0.003844 355.22 0.00
E 41 70 0.021525 0.004563 356.79 0.11
E 41 74 0.027311 0.008226 513.57 0.65
E 41 76 0.024845 0.006612 364.54 7.73
E 41 87 0.024165 0.005194 368.27 0.24
E 41 91 0.024940 0.004598 365.97 5.69
E 41 95 0.023679 0.004815 356.15 22.33
E 41 103 0.024380 0.005534 404.50 0.52
E 41 106 0.025531 0.007335 387.34 295.63
E 41 110 0.022274 0.003910 334.29 1.28
E 41 117 0.026450 0.007030 407.76 23.22
E 41 121 0.027311 0.008226 402.13 0.00
E 41 124 0.021128 0.003352 335.17 0.00
E 41 127 0.021763 0.003354 357.32 13.71
E 41 128 0.024374 0.005823 485.65 0.07
E 41 132 0.027312 0.008226 340.15 0.41
E 41 136 0.021940 0.003143 391.03 3.84
E 41 138 0.022061 0.003333 348.14 36.88
E 41 144 0.023697 0.006064 380.89 0.02
E 41 150 0.027191 0.006121 393.50 4.16
E 42 47 0.019654 0.004667 324.86 0.93
E 42 55 0.026975 0.005705 406.52 58.32
E 42 66 0.024632 0.005427 386.54 71.04
E 42 76 0.023921 0.005559 374.07 0.00
E 42 92 0.024789 0.005173 369.47 0.16
E 42 116 0.024118 0.008264 366.36 0.14
E 42 124 0.027201 0.008692 414.97 16.50
E 42 127 0.021096 0.002866 337.66 0.07
E 42 138 0.022996 0.006187 394.83 9.57
E 43 44 0.030497 0.004631 450.33 13.64
E 43 45 0.033305 0.007349 399.19 0.15
E 43 50 0.030907 0.004598 432.60 0.05
E 43 51 0.026692 0.008389 418.09 12.83
E 43 53 0.034658 0.007519 557.58 8.60
E 43 54 0.033046 0.006476 489.64 3.72
E 43 64 0.030539 0.003999 410.44 11.56
E 43 67 0.027649 0.006985 417.62 1.15
E 43 69 0.026251 0.006685 374.36 0.13
E 43 72 0.030489 0.004229 474.34 5.41
E 43 80 0.027701 0.003816 443.85 6.52
E 43 83 0.030875 0.007734 564.35 11.04
E 43 85 0.030471 0.004802 516.83 11.38
E 43 89 0.032400 0.006869 479.41 10.00
E 43 94 0.005473 0.000960 568.00 0.00
E 43 97 0.034324 0.010742 570.08 26.62
E 43 98 0.030981 0.003978 421.91 17.03
E 43 99 0.028161 0.004477 411.28 0.16
E 43 104 0.031261 0.004869 455.05 1.83
E 43 106 0.032232 0.008650 487.04 3.69
E 43 108 0.026667 0.007379 416.92 8.41
E 43 111 0.027129 0.005612 385.14 0.50
E 43 113 0.030869 0.004221 425.87 11.45
E 43 115 0.026276 0.007177 386.99 0.16
E 43 119 0.025916 0.006935 405.85 0.36
E 43 120 0.029759 0.004934 420.50 0.82
E 43 130 0.027703 0.007177 401.61 0.08
E 43 139 0.030147 0.004507 444.42 5.66
E 43 142 0.033080 0.007801 435.36 3.28
E 43 143 0.027807 0.007305 437.33 4.04
E 43 146 0.026581 0.007463 383.53 0.00
E 43 148 0.029852 0.005240 441.88 1.80
E 43 149 0.034502 0.006784 497.76 12.39
E 44 45 0.027592 0.003319 438.65 11.42
E 44 53 0.023239 0.001833 371.40 38.62
E 44 54 0.029425 0.004710 461.34 0.09
E 44 63 0.019820 0.003276 341.65 19.43
E 44 64 0.029776 0.002864 430.81 77.53
E 44 72 0.032192 0.002397 476.24 0.12
E 44 73 0.024360 0.004376 379.59 59.16
E 44 80 0.029575 0.001648 408.07 141.26
E 44 85 0.030608 0.002940 444.75 76.80
E 44 89 0.027425 0.003653 400.65 0.35
E 44 96 0.016069 0.000960 1660.00 22.95
E 44 98 0.014004 0.000480 1460.00 7.46
E 44 104 0.028575 0.004176 414.43 0.43
E 44 112 0.019654 0.004642 357.10 114.94
E 44 113 0.029777 0.002864 444.68 78.32
E 44 120 0.030624 0.004409 414.55 13.12
E 44 122 0.024395 0.003324 461.23 0.81
E 44 130 0.030986 0.004976 600.90 12.24
E 44 139 0.025828 0.003960 374.87 0.06
E 44 140 0.028878 0.007097 530.86 141.25
E 44 143 0.030987 0.002770 447.46 7.70
E 44 148 0.031247 0.005631 429.64 1.51
E 44 149 0.031723 0.004183 519.51 101.57
E 45 53 0.026101 0.003072 406.43 231.22
E 45 54 0.028931 0.004355 425.97 4.42
E 45 63 0.003809 0.000128 360.00 2.91
E 45 64 0.022700 0.007192 351.31 12.86
E 45 72 0.031835 0.005233 416.86 9.02
E 45 85 0.030492 0.005233 430.11 12.98
E 45 89 0.023562 0.005566 362.62 13.40
E 45 94 0.027183 0.003997 431.50 31.85
E 45 104 0.027726 0.002919 427.26 14.00
E 45 105 0.032571 0.008734 629.54 0.09
E 45 111 0.026975 0.003392 427.56 0.17
E 45 112 0.003297 0.000320 296.00 43.20
E 45 113 0.022441 0.006516 357.74 14.29
E 45 114 0.025240 0.002927 405.71 3.92
E 45 134 0.024327 0.004936 415.70 0.02
E 45 135 0.026698 0.004599 413.39 11.20
E 45 139 0.025998 0.001781 529.76 10.65
E 46 55 0.025878 0.004388 394.42 0.00
E 46 74 0.023764 0.003408 387.70 0.08
E 46 76 0.024240 0.006089 364.07 16.29
E 46 83 0.025956 0.002374 425.08 131.20
E 46 84 0.004450 0.000832 440.00 143.90
E 46 87 0.022853 0.002464 387.94 0.14
E 46 95 0.022815 0.002909 374.05 9.65
E 46 102 0.025559 0.005698 361.86 0.06
E 46 106 0.024433 0.004101 380.53 0.22
E 46 111 0.026535 0.005718 396.52 0.15
E 46 117 0.022820 0.001741 351.33 9.71
E 46 121 0.023210 0.002806 357.19 0.09
E 46 124 0.021643 0.001796 337.90 0.98
E 46 132 0.023601 0.003189 410.64 0.79
E 46 133 0.024019 0.004377 363.08 0.02
E 46 144 0.023193 0.003580 372.56 3.78
E 46 150 0.026853 0.005712 402.99 3.07
E 47 59 0.021136 0.002660 335.73 0.01
E 47 66 0.018349 0.002022 288.55 1.76
E 47 92 0.017934 0.001738 304.14 0.04
E 47 116 0.017008 0.001055 256.94 0.07
E 47 136 0.024656 0.003901 426.00 1.86
E 47 138 0.021403 0.006142 393.53 68.97
E 47 141 0.023034 0.005323 377.38 0.09
E 48 49 0.010018 0.000448 1020.00 0.08
E 48 50 0.030516 0.004979 457.79 0.00
E 48 52 0.029104 0.004508 451.10 0.51
E 48 60 0.023741 0.001382 398.57 34.82
E 48 62 0.030706 0.003335 501.76 0.14
E 48 71 0.022606 0.001179 354.18 1.94
E 48 75 0.030873 0.005078 481.23 1.45
E 48 77 0.028644 0.005597 436.64 1.49
E 48 78 0.025344 0.002359 376.50 3.62
E 48 80 0.032779 0.005163 527.02 10.28
E 48 81 0.025922 0.004249 436.26 11.45
E 48 88 0.027822 0.005145 416.48 3.29
E 48 96 0.030915 0.004696 471.00 492.76
E 48 98 0.032088 0.006621 436.79 464.84
E 48 99 0.037830 0.005540 504.81 39.39
E 48 109 0.030919 0.005548 423.29 16.11
E 48 123 0.025583 0.002885 401.44 0.91
E 48 131 0.030706 0.002714 681.84 1.40
E 48 145 0.025369 0.005908 410.37 4.56
E 48 146 0.031214 0.003223 527.35 1.62
E 48 147 0.027135 0.004951 406.54 14.84
E 48 148 0.031553 0.004325 703.26 5.00
E 48 149 0.034480 0.005639 543.44 10.83
E 49 51 0.038169 0.001599 628.36 0.14
E 49 52 0.029064 0.005201 439.30 5.78
E 49 57 0.027706 0.004695 398.37 0.57
E 49 60 0.028183 0.005161 443.20 2.45
E 49 61 0.029121 0.005342 408.61 55.69
E 49 62 0.025662 0.004862 395.35 0.23
E 49 67 0.029841 0.006291 450.00 1.94
E 49 69 0.025579 0.003249 392.83 45.56
E 49 74 0.017476 0.001394 291.16 0.39
E 49 75 0.027652 0.003222 444.48 1.22
E 49 77 0.007506 0.000064 764.00 0.25
E 49 81 0.027678 0.005597 423.93 65.69
E 49 87 0.007171 0.000128 664.00 1.36
E 49 95 0.025448 0.001526 337.52 3.56
E 49 96 0.033079 0.001357 639.90 72.79
E 49 101 0.026277 0.005258 388.52 3.76
E 49 102 0.012451 0.002138 187.59 1.23
E 49 106 0.024609 0.004095 407.26 0.11
E 49 108 0.029749 0.006869 471.43 15.15
E 49 115 0.031384 0.005314 499.46 7.92
E 49 117 0.024529 0.004165 353.38 3.55
E 49 119 0.026935 0.004363 447.52 2.82
E 49 121 0.022464 0.004899 354.41 0.18
E 49 123 0.027427 0.002488 612.88 0.30
E 49 131 0.030170 0.005184 471.31 1.33
E 49 139 0.030451 0.004884 484.00 1.37
E 49 142 0.026426 0.005401 412.32 39.84
E 49 144 0.007762 0.000704 796.00 18.45
E 49 146 0.030080 0.006422 464.56 2.55
E 50 52 0.030008 0.004928 438.25 0.00
E 50 60 0.027506 0.004704 464.05 92.17
E 50 64 0.033985 0.006784 557.31 81.81
E 50 71 0.035115 0.007462 565.52 5.79
E 50 72 0.029890 0.004681 464.06 19.70
E 50 77 0.029041 0.005178 430.80 0.06
E 50 78 0.029096 0.005108 458.28 0.03
E 50 80 0.029134 0.004353 452.93 71.51
E 50 85 0.032316 0.009752 452.35 81.39
E 50 88 0.031685 0.006463 443.35 0.17
E 50 98 0.031209 0.004656 433.83 0.80
E 50 99 0.031177 0.004579 543.42 19.35
E 50 107 0.035116 0.007462 439.77 0.08
E 50 108 0.023922 0.005249 376.60 0.14
E 50 109 0.027440 0.005804 401.63 80.86
E 50 113 0.037489 0.009837 533.64 81.35
E 50 115 0.025415 0.004282 373.58 17.84
E 50 120 0.032173 0.005766 473.38 0.90
E 50 130 0.032594 0.006783 485.87 107.94
E 50 139 0.032175 0.003166 500.14 99.97
E 50 143 0.033283 0.007191 515.27 0.99
E 50 145 0.028487 0.007332 386.90 4.64
E 50 147 0.030638 0.005310 477.24 81.05
E 50 148 0.030361 0.005330 431.32 2.08
E 50 149 0.033901 0.007220 457.61 70.71
E 51 52 0.002321 0.000000 232.00 0.65
E 51 56 0.031338 0.002240 3104.00 2.03
E 51 57 0.026477 0.004597 358.74 0.23
E 51 58 0.024964 0.003496 409.35 29.73
E 51 60 0.027773 0.005171 418.90 11.61
E 51 61 0.026132 0.004817 390.78 0.15
E 51 62 0.028128 0.006038 433.63 0.08
E 51 67 0.026936 0.004324 399.10 43.33
E 51 70 0.022695 0.002112 2256.00 0.00
E 51 75 0.033996 0.006173 438.42 0.01
E 51 77 0.026293 0.000340 438.21 0.08
E 51 80 0.027992 0.007022 517.38 15.31
E 51 81 0.026069 0.005443 391.56 1.34
E 51 91 0.024768 0.003247 401.97 0.03
E 51 96 0.032907 0.002436 355.87 0.00
E 51 98 0.002321 0.000000 232.00 0.06
E 51 101 0.028332 0.005427 445.63 232.19
E 51 108 0.025708 0.005581 397.59 0.94
E 51 109 0.027554 0.006154 407.60 16.28
E 51 111 0.025393 0.004010 387.10 0.67
E 51 115 0.026359 0.004468 399.88 114.68
E 51 119 0.030039 0.010015 436.22 252.69
E 51 122 0.024233 0.004381 486.41 0.79
E 51 129 0.025903 0.004778 396.44 3.09
E 51 130 0.026195 0.005004 397.63 3.88
E 51 131 0.028529 0.004633 419.63 4.04
E 51 139 0.031651 0.003154 388.48 12.45
E 51 140 0.024200 0.004780 362.56 17.72
E 51 142 0.028922 0.005894 488.22 5.42
E 51 143 0.026523 0.004868 395.58 0.00
E 51 146 0.025854 0.004723 395.89 2.53
E 51 149 0.033691 0.002676 368.15 15.04
E 52 60 0.028318 0.004515 411.64 9.26
E 52 62 0.027863 0.003222 511.15 1.49
E 52 67 0.031113 0.003188 495.16 4.27
E 52 75 0.028592 0.005564 415.27 83.87
E 52 77 0.029648 0.004605 437.76 0.55
E 52 78 0.028810 0.004962 403.17 0.14
E 52 81 0.028177 0.004636 418.81 0.10
E 52 88 0.028529 0.006081 416.39 0.36
E 52 96 0.028429 0.005066 444.78 13.27
E 52 98 0.030937 0.005959 430.04 0.79
E 52 101 0.033961 0.005970 495.52 5.89
E 52 109 0.028691 0.005239 421.26 5.49
E 52 123 0.028392 0.004381 409.99 0.16
E 52 131 0.030326 0.004071 434.02 216.15
E 52 139 0.028500 0.000339 597.97 18.88
E 52 145 0.028486 0.006675 422.37 46.79
E 52 146 0.029074 0.002713 408.93 4.61
E 52 147 0.028466 0.004292 403.39 7.72
E 52 148 0.030248 0.005342 499.22 0.67
E 53 54 0.029117 0.004353 440.28 6.74
E 53 63 0.023737 0.004528 394.52 0.40
E 53 64 0.026422 0.003519 471.20 23.89
E 53 72 0.031833 0.002754 504.50 2.19
E 53 83 0.025579 0.002999 404.99 5.35
E 53 84 0.022224 0.005902 316.56 12.23
E 53 85 0.031314 0.003561 478.48 22.92
E 53 89 0.025389 0.002795 407.24 24.02
E 53 90 0.006898 0.000256 688.00 7.26
E 53 91 0.025082 0.003414 387.04 5.69
E 53 94 0.025729 0.002648 380.39 0.12
E 53 97 0.026070 0.005503 402.88 27.09
E 53 100 0.026577 0.004129 425.49 1.28
E 53 104 0.027472 0.002701 424.96 0.30
E 53 105 0.038169 0.000565 638.59 2.71
E 53 111 0.024167 0.003793 389.50 5.14
E 53 112 0.022442 0.004948 362.74 12.98
E 53 113 0.030330 0.002134 526.04 23.52
E 53 114 0.026215 0.003751 407.97 4.32
E 53 118 0.026044 0.004037 386.39 89.13
E 53 122 0.024675 0.004728 398.73 30.46
E 53 124 0.025120 0.003905 423.16 0.65
E 53 126 0.023390 0.004923 379.67 0.09
E 53 127 0.023348 0.002166 397.15 19.99
E 53 130 0.025956 0.000339 614.47 1.79
E 53 133 0.023341 0.003920 380.80 16.47
E 53 135 0.029262 0.005006 477.95 10.87
E 53 139 0.026868 0.003574 357.63 29.77
E 53 140 0.024695 0.003432 375.33 82.93
E 53 141 0.023348 0.004930 416.98 8.07
E 53 143 0.002545 0.000000 260.00 1.02
E 53 150 0.026891 0.004910 403.10 378.25
E 54 63 0.003810 0.000128 360.00 7.80
E 54 64 0.025722 0.002552 400.03 0.37
E 54 72 0.029177 0.004077 419.01 1.51
E 54 85 0.027452 0.005619 377.02 0.37
E 54 89 0.028574 0.004162 391.80 0.30
E 54 90 0.002321 0.000000 232.00 0.37
E 54 94 0.026537 0.003101 534.64 29.24
E 54 99 0.024591 0.003231 377.46 6.58
E 54 104 0.028917 0.003255 450.81 0.77
E 54 105 0.027059 0.006954 460.18 7.08
E 54 113 0.025485 0.005641 386.78 0.37
E 54 114 0.025429 0.001866 392.95 1.96
E 54 120 0.027258 0.004146 414.84 1.36
E 54 135 0.029209 0.005176 439.74 1.00
E 54 139 0.032557 0.005766 525.16 0.42
E 54 148 0.029790 0.005144 450.32 0.02
E 55 56 0.024429 0.006105 429.00 0.01
E 55 76 0.026986 0.005844 382.31 23.24
E 55 83 0.024548 0.003731 452.04 9.40
E 55 102 0.024487 0.008028 368.08 47.54
E 55 103 0.024937 0.004658 421.47 7.11
E 55 111 0.026784 0.006118 395.13 13.01
E 55 124 0.026510 0.003104 418.95 24.15
E 55 136 0.023559 0.004432 391.63 7.01
E 55 144 0.023904 0.005440 414.26 0.30
E 55 150 0.026510 0.005470 390.41 11.66
E 56 57 0.013829 0.000992 1380.00 8.41
E 56 58 0.023658 0.002455 388.10 19.97
E 56 59 0.022225 0.000475 428.50 0.05
E 56 63 0.022734 0.007236 462.85 0.00
E 56 66 0.010515 0.000288 1024.00 0.00
E 56 69 0.022466 0.004192 423.05 1.38
E 56 70 0.023902 0.003945 402.59 0.95
E 56 76 0.025834 0.004385 386.81 39.68
E 56 82 0.027481 0.006276 403.60 0.59
E 56 83 0.026778 0.004216 477.82 1.44
E 56 87 0.020428 0.002101 325.98 67.29
E 56 91 0.024947 0.003858 363.95 0.00
E 56 93 0.017724 0.002074 273.45 0.64
E 56 95 0.022565 0.002568 294.69 252.39
E 56 97 0.024261 0.003222 384.93 1.55
E 56 100 0.025161 0.003873 376.87 2.08
E 56 108 0.015140 0.002176 1544.00 4.04
E 56 110 0.023368 0.004660 365.62 4.34
E 56 111 0.024876 0.002960 353.94 4.12
E 56 115 0.025063 0.006176 2552.00 39.72
E 56 118 0.025186 0.004267 371.77 1.79
E 56 119 0.015717 0.002048 1616.00 23.43
E 56 122 0.023981 0.003360 387.17 28.44
E 56 124 0.023276 0.004715 354.29 5.15
E 56 126 0.025071 0.005393 391.25 0.20
E 56 129 0.057684 0.005120 5760.00 37.66
E 56 133 0.023501 0.002522 368.76 23.04
E 56 136 0.021740 0.003599 324.35 0.01
E 56 140 0.025275 0.005536 407.54 25.61
E 56 141 0.023545 0.004410 377.47 0.92
E 56 144 0.022056 0.002782 332.66 3.50
E 56 146 0.002161 0.000000 212.00 14.87
E 56 150 0.028363 0.004851 460.31 25.81
E 57 58 0.022904 0.001230 367.44 563.37
E 57 60 0.027713 0.002565 419.92 1.55
E 57 61 0.026521 0.003489 429.46 1.53
E 57 62 0.025792 0.006199 384.74 0.37
E 57 67 0.026350 0.002842 401.68 0.60
E 57 69 0.022553 0.003883 340.56 22.60
E 57 77 0.002481 0.000000 252.00 0.89
E 57 81 0.024532 0.001741 401.53 5.56
E 57 82 0.025536 0.002594 417.67 8.97
E 57 91 0.024598 0.003595 377.65 0.73
E 57 96 0.032909 0.000168 434.05 2.02
E 57 101 0.019815 0.001463 308.60 120.67
E 57 106 0.024455 0.004848 370.02 1.13
E 57 108 0.026063 0.006027 389.66 0.88
E 57 111 0.002577 0.000000 264.00 6.12
E 57 115 0.027770 0.005720 397.47 19.69
E 57 117 0.019587 0.000567 299.27 2.21
E 57 119 0.026457 0.006452 414.77 8.17
E 57 121 0.022452 0.004881 370.63 0.97
E 57 129 0.025864 0.003780 374.26 0.08
E 57 130 0.025276 0.004221 389.02 498.38
E 57 131 0.029120 0.003482 457.71 112.92
E 57 139 0.032932 0.003877 541.50 2.50
E 57 142 0.022583 0.001921 359.36 4.43
E 57 143 0.026563 0.003866 360.20 4.89
E 57 146 0.027720 0.007475 453.00 23.83
E 58 60 0.002065 0.000000 200.00 17.29
E 58 61 0.025616 0.001102 382.21 41.71
E 58 66 0.018834 0.003860 315.46 0.63
E 58 67 0.035963 0.006953 584.12 2.51
E 58 69 0.022602 0.003612 373.84 0.14
E 58 70 0.024072 0.004965 372.16 0.74
E 58 76 0.025375 0.004934 379.68 5.50
E 58 82 0.021719 0.001000 321.81 0.45
E 58 91 0.025046 0.004342 392.67 37.05
E 58 97 0.024803 0.004002 453.62 12.09
E 58 100 0.025613 0.004281 394.29 0.00
E 58 108 0.025787 0.001639 407.64 12.42
E 58 111 0.022699 0.002261 354.05 0.86
E 58 112 0.023583 0.000000 490.88 0.65
E 58 115 0.023922 0.001017 395.92 0.11
E 58 118 0.026426 0.005117 394.12 20.31
E 58 119 0.025618 0.003392 529.46 0.29
E 58 126 0.024282 0.003531 417.04 16.96
E 58 128 0.018773 0.003977 303.88 0.29
E 58 129 0.024782 0.002688 361.18 3.38
E 58 139 0.028500 0.000678 549.32 4.40
E 58 142 0.022200 0.001440 2136.00 1.90
E 58 150 0.028668 0.004794 488.38 2.18
E 59 66 0.022533 0.004808 371.68 0.14
E 59 69 0.021206 0.000000 322.31 2.41
E 59 70 0.025254 0.006388 366.95 113.39
E 59 76 0.023934 0.003844 364.37 0.14
E 59 84 0.024014 0.004138 403.38 14.82
E 59 90 0.002001 0.000000 192.00 0.15
E 59 91 0.024017 0.005621 357.47 0.01
E 59 92 0.021783 0.003987 333.99 0.40
E 59 93 0.021885 0.001017 378.96 1.33
E 59 97 0.022338 0.002578 335.42 35.36
E 59 100 0.024937 0.003643 401.36 23.07
E 59 110 0.008258 0.000320 800.00 77.69
E 59 116 0.021686 0.004178 340.54 0.82
E 59 118 0.023821 0.003472 437.79 10.47
E 59 122 0.023920 0.003643 410.13 5.15
E 59 124 0.023880 0.005427 403.32 0.78
E 59 125 0.017181 0.002533 310.95 0.53
E 59 128 0.018489 0.003712 289.56 9.49
E 59 133 0.026135 0.003505 405.93 1.27
E 59 138 0.019698 0.003695 312.80 2.68
E 59 140 0.025042 0.004808 381.92 26.44
E 59 141 0.023026 0.003145 340.69 4.14
E 59 150 0.025084 0.002487 372.83 0.40
E 60 61 0.027581 0.003753 390.30 14.21
E 60 62 0.027713 0.004579 430.24 0.87
E 60 67 0.028114 0.003426 424.01 0.27
E 60 75 0.031607 0.007134 420.53 7.97
E 60 77 0.027878 0.000905 574.86 24.30
E 60 78 0.021067 0.001255 359.35 35.35
E 60 81 0.025932 0.003388 393.48 12.20
E 60 88 0.028127 0.005979 418.47 76.19
E 60 91 0.027312 0.000339 336.22 30.72
E 60 96 0.029433 0.001356 441.92 28.75
E 60 98 0.033376 0.010007 532.02 20.17
E 60 101 0.028910 0.004991 433.89 2.14
E 60 108 0.027915 0.006881 436.02 142.63
E 60 115 0.027935 0.004138 409.46 2.36
E 60 119 0.028546 0.007293 485.81 83.10
E 60 123 0.020389 0.000839 331.65 33.84
E 60 129 0.029725 0.005201 462.99 0.17
E 60 130 0.029802 0.004183 392.46 37.75
E 60 131 0.030773 0.006417 443.92 36.57
E 60 139 0.032931 0.003877 374.36 0.03
E 60 142 0.028177 0.005239 544.05 7.16
E 60 143 0.030196 0.003087 576.72 23.58
E 60 145 0.026606 0.006289 392.42 0.36
E 60 146 0.029282 0.005027 430.25 37.45
E 61 62 0.026667 0.004749 487.09 3.93
E 61 67 0.026390 0.003606 398.53 18.72
E 61 70 0.007250 0.000096 732.00 0.00
E 61 76 0.002385 0.000000 240.00 12.08
E 61 81 0.026354 0.004128 395.61 6.43
E 61 82 0.022477 0.002332 330.98 106.65
E 61 87 0.025279 0.000000 417.86 4.52
E 61 91 0.025446 0.000593 523.37 0.01
E 61 96 0.030536 0.001357 439.01 5.66
E 61 101 0.028564 0.004488 460.33 11.04
E 61 106 0.025279 0.000339 595.39 0.02
E 61 108 0.025603 0.004706 440.00 1.00
E 61 115 0.026946 0.004736 444.62 336.23
E 61 119 0.029844 0.009069 408.21 0.98
E 61 129 0.027205 0.004557 448.70 8.12
E 61 131 0.030154 0.006040 465.91 20.04
E 61 139 0.033643 0.004410 496.62 8.68
E 61 142 0.028450 0.005396 452.54 18.26
E 61 146 0.027562 0.006972 403.54 2.03
E 62 67 0.028811 0.004009 497.10 1.73
E 62 69 0.025065 0.005014 375.22 103.20
E 62 75 0.027841 0.003919 375.03 2.55
E 62 77 0.007506 0.000064 764.00 0.22
E 62 81 0.026085 0.004351 420.61 3.62
E 62 95 0.024261 0.003731 401.43 1.18
E 62 96 0.032910 0.003335 617.58 81.30
E 62 101 0.026407 0.003856 402.43 6.73
E 62 106 0.024547 0.005504 368.08 0.23
E 62 108 0.029009 0.006760 422.74 1.08
E 62 115 0.027540 0.006275 428.83 11.64
E 62 117 0.027493 0.005662 439.80 1.18
E 62 119 0.026339 0.006252 405.76 5.06
E 62 121 0.023466 0.004687 357.41 0.17
E 62 123 0.029078 0.003867 385.18 0.18
E 62 131 0.031410 0.006506 441.46 4.18
E 62 139 0.030451 0.004240 572.28 2.21
E 62 142 0.024281 0.004979 399.77 21.51
E 62 143 0.032741 0.002205 597.89 140.38
E 62 144 0.022226 0.000170 327.81 51.65
E 62 146 0.030076 0.004723 434.26 5.78
E 63 65 0.019443 0.000678 277.01 0.19
E 63 66 0.027789 0.006852 380.96 3.30
E 63 83 0.021879 0.006018 361.80 0.01
E 63 90 0.019680 0.003249 339.94 0.45
E 63 94 0.036302 0.011702 561.70 0.02
E 63 100 0.025652 0.005825 383.86 522.72
E 63 104 0.026295 0.002714 371.45 6.89
E 63 105 0.026972 0.000678 499.45 0.24
E 63 111 0.023671 0.006224 335.37 2.22
E 63 112 0.020483 0.004363 323.60 2.28
E 63 114 0.025835 0.004975 391.79 3.85
E 63 118 0.024260 0.005807 352.98 0.68
E 63 122 0.024366 0.005876 377.92 2.24
E 63 124 0.023306 0.005362 367.62 0.00
E 63 126 0.022296 0.005200 339.02 0.36
E 63 135 0.027990 0.004665 404.04 20.73
E 63 140 0.023212 0.005825 354.82 39.79
E 64 72 0.033073 0.004028 450.97 0.14
E 64 77 0.030123 0.007172 469.22 25.93
E 64 80 0.032062 0.001357 492.81 26.90
E 64 89 0.022568 0.003809 372.95 0.38
E 64 98 0.005378 0.000352 556.00 34.62
E 64 99 0.020045 0.003753 299.12 63.92
E 64 104 0.028783 0.003495 386.14 1.12
E 64 111 0.030028 0.002035 455.46 7.04
E 64 120 0.027778 0.004316 411.70 13.41
E 64 130 0.030026 0.004976 393.67 11.88
E 64 139 0.030139 0.004635 673.21 0.23
E 64 143 0.030027 0.002035 484.66 7.58
E 64 148 0.029686 0.003166 426.62 1.32
E 65 68 0.021401 0.004036 331.10 1.30
E 65 73 0.026010 0.005034 379.97 1.59
E 65 79 0.020350 0.003618 307.61 13.56
E 65 86 0.018291 0.002681 283.88 13.75
E 65 105 0.019707 0.002967 312.56 2.45
E 65 112 0.019172 0.001526 379.80 0.46
E 65 114 0.026211 0.001103 498.01 1.38
E 65 125 0.019795 0.004410 304.82 0.01
E 65 135 0.007826 0.001440 804.00 10.65
E 66 70 0.026939 0.004309 374.04 10.84
E 66 83 0.003586 0.000032 332.00 55.58
E 66 84 0.025302 0.006001 355.84 0.00
E 66 90 0.026861 0.008706 524.89 0.23
E 66 91 0.023581 0.002205 431.18 0.28
E 66 92 0.018425 0.002002 291.13 0.65
E 66 93 0.021728 0.002870 353.01 1.21
E 66 97 0.027118 0.008674 400.02 1.08
E 66 100 0.025343 0.005065 354.89 4.09
E 66 110 0.023355 0.004099 380.25 12.99
E 66 112 0.027788 0.006852 435.23 34.41
E 66 114 0.002128 0.000000 208.00 0.00
E 66 116 0.017547 0.001442 282.24 0.86
E 66 118 0.024889 0.004952 368.88 0.75
E 66 122 0.025343 0.005065 379.53 56.23
E 66 124 0.024937 0.005586 346.39 1.47
E 66 126 0.026352 0.006445 389.99 93.91
E 66 127 0.022193 0.003335 400.53 0.25
E 66 128 0.016717 0.000833 257.52 1.24
E 66 129 0.024678 0.002427 361.06 134.01
E 66 133 0.024863 0.005172 396.78 23.08
E 66 136 0.025503 0.004786 385.07 4.08
E 66 138 0.016592 0.001024 271.38 6.33
E 66 140 0.026252 0.006049 396.95 217.88
E 66 141 0.023138 0.003522 359.01 166.62
E 66 150 0.029574 0.007688 417.85 0.16
E 67 70 0.004049 0.000000 448.00 0.90
E 67 75 0.031042 0.005205 457.21 0.99
E 67 77 0.035961 0.006953 413.99 78.36
E 67 80 0.032124 0.005258 443.22 1.02
E 67 81 0.025656 0.002492 410.56 3.89
E 67 82 0.026545 0.004215 412.98 5.08
E 67 83 0.025222 0.003816 362.84 4.88
E 67 91 0.033644 0.004636 577.60 39.33
E 67 96 0.033029 0.007269 522.21 3.41
E 67 98 0.004049 0.000000 448.00 1.51
E 67 101 0.029564 0.004502 452.37 0.49
E 67 108 0.026819 0.005776 415.43 1.74
E 67 111 0.026381 0.001781 424.42 13.34
E 67 115 0.026802 0.004113 393.97 0.61
E 67 119 0.029408 0.008332 445.89 41.17
E 67 129 0.026536 0.004606 403.66 0.51
E 67 131 0.029245 0.005961 455.59 4.29
E 67 139 0.031887 0.002951 472.32 0.94
E 67 142 0.030073 0.006396 453.54 1.57
E 67 143 0.026585 0.004065 407.60 35.24
E 67 146 0.027020 0.004159 414.33 5.92
E 67 149 0.032625 0.005644 487.31 0.98
E 68 73 0.024230 0.004568 375.74 1.68
E 68 79 0.021681 0.004000 348.63 4.23
E 68 94 0.021583 0.003003 338.66 2.70
E 68 105 0.021192 0.002996 344.10 29.81
E 68 114 0.025931 0.002765 395.05 0.01
E 68 134 0.025145 0.005903 380.32 0.63
E 68 135 0.027953 0.004713 438.67 2.49
E 69 70 0.027069 0.004514 400.59 0.07
E 69 82 0.022402 0.003572 367.35 0.08
E 69 84 0.001873 0.000000 176.00 0.03
E 69 91 0.025057 0.004390 379.52 2.34
E 69 93 0.022395 0.005428 337.86 0.00
E 69 95 0.023852 0.006550 366.78 62.49
E 69 97 0.024374 0.004720 381.71 16.39
E 69 100 0.026070 0.003957 400.32 0.04
E 69 101 0.022827 0.002714 411.24 0.20
E 69 103 0.024064 0.005766 378.29 0.54
E 69 106 0.024343 0.004989 372.42 314.11
E 69 110 0.008451 0.002048 824.00 186.83
E 69 118 0.024599 0.005233 449.17 12.42
E 69 119 0.023224 0.004762 359.98 0.08
E 69 122 0.023204 0.003958 367.73 118.08
E 69 129 0.024781 0.005273 346.04 13.07
E 69 133 0.024744 0.003858 418.43 9.10
E 69 140 0.027094 0.007535 427.11 43.89
E 69 142 0.023124 0.004963 362.92 17.47
E 70 76 0.024660 0.005318 378.14 0.69
E 70 82 0.027067 0.003198 396.27 0.06
E 70 83 0.023242 0.001244 474.38 0.29
E 70 84 0.028175 0.005242 383.92 2.15
E 70 87 0.021633 0.007208 405.23 10.43
E 70 91 0.024827 0.004140 387.41 0.00
E 70 97 0.013700 0.001952 1364.00 32.11
E 70 108 0.004866 0.000288 492.00 0.49
E 70 110 0.021660 0.003731 365.05 0.12
E 70 111 0.022904 0.000001 721.48 3.74
E 70 115 0.006962 0.000384 696.00 0.17
E 70 119 0.002289 0.000000 228.00 1.58
E 70 122 0.025416 0.004609 363.82 8.72
E 70 126 0.025887 0.003793 475.10 0.20
E 70 129 0.024782 0.002689 405.70 1.71
E 70 139 0.005377 0.000032 556.00 4.02
E 70 140 0.025570 0.004994 374.68 8.68
E 70 150 0.027668 0.005766 417.58 2.69
E 71 77 0.025211 0.003884 366.34 20.57
E 71 78 0.023073 0.004890 330.18 15.88
E 71 80 0.031609 0.005540 540.39 58.29
E 71 85 0.025716 0.005693 397.22 71.28
E 71 88 0.027777 0.005763 414.46 5.40
E 71 99 0.025844 0.004757 402.47 0.57
E 71 107 0.019608 0.003496 314.39 1.20
E 71 120 0.027989 0.001131 389.84 0.65
E 71 130 0.002321 0.000000 232.00 0.25
E 71 145 0.025411 0.005942 374.18 3.46
E 71 147 0.026931 0.004974 417.64 69.35
E 71 148 0.027653 0.001131 325.89 11.90
E 71 149 0.026296 0.000339 714.71 58.52
E 72 78 0.029190 0.006083 411.61 30.75
E 72 80 0.030052 0.004579 416.67 0.18
E 72 85 0.029907 0.005563 437.57 0.14
E 72 88 0.028371 0.004427 430.71 2.28
E 72 89 0.031834 0.001847 445.47 0.15
E 72 96 0.028365 0.003972 434.53 10.30
E 72 99 0.031554 0.003561 605.04 10.74
E 72 104 0.029072 0.004410 437.92 0.11
E 72 109 0.029348 0.003995 444.61 0.22
E 72 113 0.033073 0.004028 519.43 0.14
E 72 120 0.029264 0.004854 426.56 20.60
E 72 130 0.031438 0.004976 419.39 4.54
E 72 139 0.033078 0.003392 474.80 0.10
E 72 143 0.031586 0.001967 536.32 2.33
E 72 147 0.028427 0.004315 394.02 0.23
E 72 148 0.029398 0.004781 452.60 0.67
E 72 149 0.032731 0.005751 426.10 0.18
E 73 79 0.024853 0.006903 378.27 21.96
E 73 86 0.026010 0.005034 396.19 7.17
E 73 89 0.024108 0.004195 342.61 55.05
E 73 94 0.026015 0.005705 404.11 4.96
E 73 104 0.030543 0.004532 414.19 2.10
E 73 105 0.025383 0.005497 378.98 131.09
E 73 114 0.025875 0.004451 409.16 0.24
E 73 134 0.024896 0.005312 382.07 19.79
E 73 135 0.025478 0.002506 389.61 7.60
E 73 139 0.024091 0.001850 375.74 95.31
E 74 87 0.023063 0.004793 376.28 0.07
E 74 95 0.021736 0.001475 358.31 45.95
E 74 102 0.019842 0.004231 322.31 0.04
E 74 106 0.023583 0.002635 380.75 0.50
E 74 117 0.021896 0.001057 362.61 45.88
E 74 121 0.021802 0.004060 340.78 4.82
E 74 132 0.021438 0.001454 367.71 0.33
E 74 144 0.024754 0.008418 392.16 0.40
E 74 150 0.003617 0.000000 336.00 4.51
E 75 77 0.013460 0.000256 1392.00 0.74
E 75 78 0.032889 0.006784 508.99 118.94
E 75 80 0.031754 0.005575 447.42 3.62
E 75 88 0.038167 0.005343 542.03 10.88
E 75 96 0.031188 0.005451 471.42 4.60
E 75 98 0.031560 0.006873 445.51 14.57
E 75 101 0.035003 0.005314 418.48 0.29
E 75 109 0.028714 0.005578 428.73 10.57
E 75 115 0.031044 0.005272 426.52 0.30
E 75 123 0.025428 0.004306 399.87 212.65
E 75 131 0.029284 0.005321 424.41 0.07
E 75 146 0.024091 0.004409 393.43 1.18
E 75 147 0.030738 0.005190 489.50 10.43
E 75 149 0.032277 0.005766 467.55 1.28
E 76 82 0.026388 0.005163 415.60 11.74
E 76 83 0.026295 0.001148 414.76 247.55
E 76 84 0.026333 0.006935 397.13 10.54
E 76 87 0.028262 0.009838 376.58 8.45
E 76 91 0.024733 0.005220 399.89 18.61
E 76 92 0.022818 0.004810 369.51 498.80
E 76 95 0.027568 0.011533 642.27 0.00
E 76 106 0.026379 0.008057 425.78 61.82
E 76 117 0.024939 0.003053 290.53 0.00
E 76 121 0.002833 0.000000 296.00 103.25
E 76 124 0.024260 0.005159 377.31 397.68
E 76 127 0.024260 0.005471 380.55 4.53
E 76 129 0.026916 0.004155 410.21 4.85
E 76 132 0.021887 0.000339 366.11 31.76
E 76 141 0.024218 0.005334 371.85 180.21
E 76 150 0.027080 0.005540 375.87 0.20
E 77 80 0.028895 0.005158 457.00 13.34
E 77 85 0.026918 0.005956 414.01 28.49
E 77 88 0.028829 0.005857 456.10 0.41
E 77 96 0.030520 0.005173 471.26 5.50
E 77 98 0.031489 0.006208 447.11 7.22
E 77 99 0.026552 0.004255 383.85 24.64
E 77 101 0.007506 0.000064 764.00 293.90
E 77 108 0.002481 0.000000 252.00 0.37
E 77 109 0.029425 0.004981 404.67 9.66
E 77 113 0.013091 0.004576 1404.00 25.43
E 77 115 0.004961 0.000000 504.00 202.34
E 77 119 0.002481 0.000000 252.00 4.11
E 77 120 0.027919 0.005033 384.14 0.23
E 77 130 0.031760 0.008027 546.83 0.00
E 77 131 0.004961 0.000000 504.00 0.33
E 77 139 0.033030 0.006639 511.83 18.20
E 77 143 0.033127 0.006736 430.33 7.37
E 77 145 0.026351 0.007215 383.05 0.60
E 77 146 0.007506 0.000064 764.00 18.14
E 77 147 0.026777 0.004713 435.07 25.59
E 77 148 0.030193 0.006124 458.60 10.58
E 77 149 0.033754 0.007075 506.31 13.50
E 78 80 0.031142 0.005476 478.29 29.08
E 78 81 0.025917 0.003630 390.95 0.43
E 78 85 0.034662 0.012268 485.63 35.99
E 78 88 0.027898 0.005599 429.02 0.23
E 78 96 0.030706 0.006233 411.12 10.21
E 78 98 0.031794 0.005016 418.83 6.76
E 78 99 0.028585 0.006207 420.60 322.39
E 78 107 0.022606 0.005936 374.14 0.04
E 78 109 0.027487 0.006277 410.25 25.08
E 78 123 0.021541 0.001297 335.28 1.73
E 78 145 0.024830 0.005747 382.93 2.20
E 78 147 0.027198 0.004700 417.26 24.08
E 78 149 0.035624 0.006727 496.86 29.58
E 79 86 0.018832 0.002534 297.83 207.02
E 79 105 0.024136 0.003408 362.00 21.26
E 79 134 0.025679 0.006699 383.87 238.69
E 80 85 0.030611 0.006569 482.78 26.50
E 80 96 0.030280 0.004728 397.80 11.55
E 80 98 0.031147 0.006791 468.24 10.58
E 80 99 0.029034 0.002826 439.99 42.38
E 80 109 0.030027 0.005197 452.26 244.87
E 80 113 0.028738 0.001357 458.69 26.83
E 80 115 0.030913 0.007175 458.70 3.16
E 80 120 0.031923 0.005258 454.00 27.07
E 80 130 0.029161 0.004730 419.30 10.73
E 80 139 0.032174 0.002149 525.49 3.17
E 80 143 0.029215 0.004613 431.94 7.31
E 80 146 0.022565 0.007802 356.66 18.81
E 80 147 0.030366 0.002467 511.21 27.02
E 80 148 0.029891 0.005296 441.90 1.09
E 80 149 0.032404 0.005621 461.87 19.82
E 81 88 0.028322 0.005830 414.30 0.40
E 81 96 0.002097 0.000000 204.00 0.18
E 81 98 0.030884 0.006633 420.91 0.13
E 81 101 0.028749 0.004768 453.52 2.29
E 81 108 0.027208 0.006106 417.21 2.24
E 81 115 0.027890 0.002375 431.11 8.35
E 81 123 0.026285 0.003987 362.51 0.53
E 81 129 0.028601 0.002985 477.45 0.05
E 81 131 0.030580 0.006228 487.64 79.62
E 81 139 0.032402 0.006784 501.18 2.39
E 81 142 0.028262 0.005936 384.34 6.85
E 81 145 0.026699 0.006409 388.77 30.34
E 81 146 0.030222 0.005116 430.78 4.70
E 82 91 0.024879 0.003500 389.39 7.12
E 82 93 0.002001 0.000000 192.00 36.57
E 82 97 0.025504 0.004522 366.10 2.53
E 82 100 0.026211 0.003562 390.67 2.67
E 82 106 0.022224 0.000339 334.73 40.08
E 82 108 0.025086 0.005504 396.40 0.03
E 82 111 0.022384 0.001397 367.56 5.98
E 82 115 0.026525 0.004723 392.82 0.83
E 82 118 0.023468 0.001922 392.61 12.87
E 82 119 0.026973 0.006021 382.44 0.02
E 82 122 0.023186 0.000905 381.01 7.50
E 82 129 0.025859 0.004148 432.29 12.52
E 82 131 0.028552 0.005410 411.31 0.76
E 82 133 0.025109 0.002586 400.11 43.03
E 82 140 0.026656 0.006720 362.01 15.69
E 82 146 0.024331 0.003761 391.74 4.66
E 83 84 0.023686 0.005474 354.89 1.94
E 83 86 0.019058 0.004206 305.82 1.63
E 83 90 0.021387 0.005314 370.28 5.65
E 83 100 0.026334 0.005578 370.53 0.39
E 83 111 0.025206 0.004306 373.08 2.08
E 83 114 0.005378 0.000992 556.00 1.22
E 83 118 0.024818 0.004943 381.08 8.10
E 83 122 0.024306 0.004516 377.29 12.69
E 83 124 0.024089 0.005699 341.93 0.74
E 83 125 0.019946 0.005960 310.34 0.27
E 83 126 0.023217 0.003901 380.64 0.16
E 83 128 0.020171 0.005492 300.57 0.24
E 83 129 0.026358 0.004472 436.57 36.39
E 83 140 0.024285 0.004220 386.01 237.67
E 83 146 0.025988 0.004005 383.79 4.28
E 84 90 0.025665 0.006396 467.79 0.00
E 84 92 0.002929 0.000000 308.00 0.00
E 84 93 0.002001 0.000000 192.00 3.52
E 84 97 0.025361 0.005300 426.66 13.93
E 84 100 0.024819 0.005143 409.09 0.02
E 84 116 0.001649 0.000000 148.00 0.08
E 84 118 0.025437 0.004658 405.67 13.21
E 84 122 0.023745 0.004632 367.87 17.69
E 84 124 0.022922 0.005185 370.02 0.05
E 84 126 0.021712 0.004918 348.80 0.27
E 84 133 0.026137 0.006821 411.42 11.57
E 84 138 0.025955 0.005314 420.61 18.16
E 84 140 0.025453 0.005462 395.17 22.72
E 85 88 0.033457 0.009573 455.03 67.12
E 85 89 0.030704 0.003279 438.29 0.38
E 85 98 0.030918 0.006219 456.27 15.74
E 85 99 0.026607 0.006125 391.69 62.76
E 85 104 0.030493 0.005152 407.45 1.11
E 85 111 0.032826 0.005512 496.20 10.29
E 85 120 0.027800 0.005197 429.87 13.92
E 85 130 0.030661 0.006954 462.38 12.36
E 85 139 0.030365 0.003816 430.91 0.26
E 85 143 0.031042 0.001016 464.02 7.88
E 85 145 0.026378 0.007304 420.36 0.36
E 85 148 0.031024 0.006552 428.84 1.23
E 86 125 0.019152 0.005686 294.69 2.46
E 86 128 0.017474 0.000271 275.87 0.08
E 87 93 0.020478 0.002022 339.42 316.22
E 87 95 0.022601 0.003411 378.64 51.96
E 87 97 0.023087 0.005057 443.39 171.24
E 87 102 0.023106 0.006784 304.72 35.44
E 87 103 0.023506 0.004560 387.73 0.00
E 87 106 0.023681 0.003596 367.25 1.09
E 87 110 0.023443 0.004976 361.87 0.00
E 87 117 0.022434 0.002446 373.58 52.20
E 87 121 0.023039 0.003548 340.29 6.35
E 87 127 0.020644 0.002304 343.33 1.02
E 87 132 0.023127 0.003448 347.92 0.02
E 87 133 0.023312 0.003215 359.76 1.66
E 87 136 0.022509 0.003831 354.09 0.00
E 87 141 0.021843 0.003856 331.96 1535.30
E 87 142 0.021971 0.001187 393.85 3.22
E 87 144 0.023115 0.005279 363.72 0.15
E 87 150 0.022139 0.001526 439.38 2.35
E 88 96 0.003121 0.000000 332.00 9.76
E 88 98 0.030938 0.006296 436.78 10.83
E 88 99 0.028011 0.004271 385.81 214.89
E 88 107 0.026773 0.006137 371.34 0.27
E 88 109 0.028535 0.005623 434.92 43.43
E 88 123 0.028058 0.005529 414.78 0.24
E 88 145 0.027246 0.005567 413.22 2.93
E 88 147 0.027570 0.005332 419.12 41.09
E 88 148 0.002609 0.000000 268.00 8.46
E 89 94 0.026017 0.002852 403.88 28.63
E 89 104 0.027413 0.002842 385.62 0.36
E 89 105 0.027059 0.006954 405.26 26.66
E 89 113 0.022547 0.005741 354.52 0.38
E 89 134 0.024467 0.004830 370.68 187.73
E 89 135 0.026365 0.003073 404.80 0.04
E 89 139 0.025999 0.003324 376.39 0.08
E 90 94 0.019000 0.001221 294.16 0.00
E 90 97 0.026068 0.003618 409.51 11.05
E 90 100 0.022449 0.000255 281.12 0.00
E 90 112 0.020074 0.003638 302.62 27.27
E 90 114 0.026751 0.004672 437.84 0.02
E 90 118 0.025560 0.005144 384.36 11.54
E 90 122 0.001425 0.000000 120.00 2.46
E 90 124 0.022691 0.002417 316.93 0.10
E 90 125 0.019738 0.001639 332.93 0.75
E 90 126 0.020529 0.002356 310.91 21.60
E 90 128 0.001297 0.000000 104.00 9.78
E 90 133 0.002833 0.000000 296.00 1.51
E 91 97 0.028466 0.004862 422.73 22.10
E 91 108 0.024870 0.004494 487.47 1.31
E 91 111 0.024865 0.004823 381.24 0.32
E 91 112 0.023460 0.004255 352.72 831.37
E 91 115 0.026762 0.005258 383.70 409.08
E 91 118 0.026297 0.004032 394.10 12.94
E 91 119 0.025194 0.004494 432.16 4.10
E 91 124 0.024921 0.004140 370.56 0.01
E 91 126 0.023681 0.004218 362.43 52.71
E 91 129 0.024782 0.002689 411.97 3.93
E 91 133 0.024048 0.003291 367.45 3.99
E 91 139 0.028499 0.000170 411.58 16.51
E 91 142 0.032062 0.003053 407.34 15.41
E 91 146 0.004002 0.000000 384.00 1.90
E 91 150 0.027063 0.004764 400.63 0.33
E 92 93 0.022779 0.003962 391.02 0.03
E 92 100 0.031044 0.000000 632.01 0.00
E 92 110 0.021800 0.003138 328.68 0.32
E 92 116 0.017494 0.001353 284.85 0.00
E 92 118 0.025209 0.003392 346.60 3.18
E 92 122 0.004673 0.001184 468.00 1.75
E 92 124 0.022934 0.005119 356.23 0.03
E 92 127 0.021853 0.003327 366.42 0.29
E 92 128 0.016750 0.000864 271.86 87.50
E 92 133 0.024260 0.006586 351.94 2.20
E 92 136 0.022517 0.003198 365.06 0.06
E 92 138 0.017537 0.001472 276.62 0.08
E 92 140 0.004673 0.001184 468.00 45.46
E 92 141 0.021929 0.004281 371.41 0.24
E 93 95 0.023751 0.004353 355.93 67.54
E 93 97 0.024363 0.006053 370.14 154.88
E 93 103 0.018756 0.002120 334.16 9.82
E 93 110 0.022571 0.004157 366.37 0.12
E 93 116 0.020302 0.004014 320.66 0.00
E 93 118 0.024794 0.002488 325.11 368.17
E 93 122 0.023922 0.001018 292.49 2.54
E 93 127 0.020053 0.003524 359.59 0.54
E 93 133 0.024389 0.003211 413.22 2.78
E 93 136 0.022357 0.003473 361.27 154.08
E 93 138 0.003426 0.000128 312.00 0.04
E 93 140 0.031214 0.001865 416.47 50.31
E 93 141 0.021829 0.003709 336.24 0.45
E 94 104 0.027538 0.005880 373.09 1.71
E 94 105 0.020086 0.001957 317.82 1.57
E 94 112 0.036302 0.011702 619.28 1.50
E 94 114 0.025994 0.004607 386.60 5.78
E 94 134 0.024924 0.005718 389.49 69.20
E 94 135 0.029070 0.006077 421.33 8.81
E 95 102 0.021208 0.000882 515.22 58.12
E 95 106 0.023918 0.003704 363.10 18.84
E 95 110 0.028671 0.007123 467.66 89.56
E 95 118 0.026297 0.002035 442.89 0.00
E 95 119 0.021947 0.004591 366.62 219.24
E 95 121 0.022862 0.002375 383.55 37.53
E 95 127 0.021856 0.004977 321.24 3.12
E 95 132 0.021704 0.001421 336.93 18.33
E 95 136 0.025675 0.005597 344.98 79.47
E 95 141 0.021777 0.004926 346.25 1.74
E 95 142 0.022861 0.002925 364.30 1.42
E 95 144 0.022867 0.005189 367.43 38.65
E 95 150 0.025012 0.003799 348.19 0.00
E 96 98 0.030986 0.006087 433.19 0.02
E 96 101 0.003121 0.000000 332.00 1.15
E 96 104 0.030117 0.004394 429.87 0.07
E 96 108 0.032908 0.000168 521.42 0.27
E 96 115 0.030839 0.004749 490.20 0.69
E 96 119 0.006209 0.000032 660.00 1.35
E 96 120 0.027755 0.004516 426.67 0.00
E 96 129 0.027991 0.003934 407.78 1.33
E 96 130 0.032229 0.005902 409.51 1.46
E 96 131 0.029542 0.004410 423.35 1.54
E 96 139 0.030060 0.006123 436.21 10.21
E 96 142 0.035116 0.000000 739.71 13.30
E 96 143 0.032926 0.006181 481.14 0.13
E 96 146 0.031495 0.003308 381.85 5.14
E 96 148 0.029646 0.004482 431.71 7.26
E 96 149 0.032968 0.006576 437.16 23.46
E 97 100 0.026713 0.005677 423.68 150.60
E 97 106 0.022735 0.002290 455.31 80.74
E 97 110 0.023886 0.005698 376.56 233.22
E 97 111 0.025917 0.004972 399.27 0.94
E 97 114 0.024599 0.001103 365.91 32.53
E 97 118 0.025839 0.005529 390.65 0.11
E 97 122 0.025410 0.005300 387.67 0.01
E 97 124 0.025361 0.005300 348.45 66.27
E 97 126 0.019139 0.004000 1928.00 22.83
E 97 127 0.025354 0.006302 395.69 10.16
E 97 129 0.025221 0.003448 399.50 0.01
E 97 133 0.025244 0.005832 361.29 0.65
E 97 136 0.024199 0.005201 419.20 63.91
E 97 140 0.025244 0.004716 402.10 0.00
E 97 141 0.025458 0.006173 364.61 174.92
E 98 99 0.031975 0.004536 474.22 0.11
E 98 104 0.028709 0.006241 539.76 0.06
E 98 109 0.030890 0.005635 454.65 8.32
E 98 113 0.005378 0.000352 556.00 34.82
E 98 120 0.031151 0.006660 441.29 0.00
E 98 130 0.029235 0.006784 390.71 0.17
E 98 139 0.031674 0.003102 439.26 7.85
E 98 143 0.033418 0.003052 626.92 0.01
E 98 147 0.031194 0.005950 434.07 10.83
E 98 148 0.031121 0.006737 459.29 0.28
E 98 149 0.033032 0.006733 470.40 10.45
E 99 107 0.021836 0.004600 352.24 7.89
E 99 109 0.029620 0.003324 464.31 58.30
E 99 113 0.019960 0.004467 343.61 63.57
E 99 120 0.027962 0.004749 413.99 31.92
E 99 130 0.028245 0.000170 425.35 0.12
E 99 143 0.029416 0.000814 457.41 0.66
E 99 145 0.025698 0.003731 378.65 11.25
E 99 147 0.028919 0.003731 416.37 60.06
E 99 148 0.031585 0.006852 517.29 0.16
E 99 149 0.029092 0.002600 461.51 41.76
E 100 111 0.026012 0.004208 371.99 3.86
E 100 116 0.022226 0.000000 409.35 0.09
E 100 118 0.026607 0.004916 409.73 61.86
E 100 122 0.025604 0.004211 372.40 310.20
E 100 124 0.026069 0.003736 387.96 3.71
E 100 126 0.025701 0.003952 379.20 0.42
E 100 127 0.025726 0.004055 416.18 5.03
E 100 129 0.030536 0.001526 532.87 4.44
E 100 133 0.024915 0.003569 398.88 6.37
E 100 138 0.024793 0.004274 376.67 13.60
E 100 140 0.025742 0.004410 398.33 18.19
E 100 141 0.025726 0.004055 391.46 0.01
E 101 106 0.024523 0.004398 393.33 689.59
E 101 108 0.028840 0.007584 414.65 0.84
E 101 115 0.028332 0.005427 398.81 0.08
E 101 117 0.017855 0.000980 282.16 2.94
E 101 119 0.027579 0.006696 424.11 4.09
E 101 121 0.024048 0.006911 418.42 1273.98
E 101 123 0.003874 0.000000 368.00 269.90
E 101 131 0.030136 0.004706 441.97 0.21
E 101 139 0.030451 0.004240 514.78 1.26
E 101 142 0.022895 0.002377 361.27 5.60
E 101 146 0.030206 0.005558 449.32 1.12
E 102 117 0.020756 0.000452 364.92 57.96
E 102 121 0.023645 0.003739 385.04 1.54
E 102 132 0.021038 0.000170 374.41 0.03
E 102 144 0.021123 0.004240 367.73 0.37
E 103 106 0.024501 0.004733 408.14 1.01
E 103 110 0.019002 0.002120 308.92 0.00
E 103 117 0.018038 0.002317 300.22 2.31
E 103 121 0.023829 0.003762 393.91 1.94
E 103 127 0.018967 0.003234 329.44 3.50
E 103 132 0.016888 0.002092 270.97 0.00
E 103 136 0.019513 0.000791 592.89 10.78
E 103 137 0.016716 0.002905 267.59 3.69
E 103 144 0.025202 0.007195 379.33 0.29
E 103 150 0.024460 0.005767 368.67 4.96
E 104 105 0.032570 0.005598 436.66 1.70
E 104 112 0.007442 0.000768 756.00 0.52
E 104 113 0.027934 0.003769 421.69 1.12
E 104 114 0.024769 0.001922 528.81 0.77
E 104 135 0.029122 0.004021 432.15 0.60
E 104 139 0.031021 0.004893 437.65 2.04
E 105 112 0.026972 0.001308 399.65 364.86
E 105 114 0.025830 0.004475 401.82 1.86
E 105 134 0.024825 0.005630 390.48 0.11
E 105 135 0.029395 0.005842 418.83 29.26
E 106 117 0.024218 0.004143 406.93 19.14
E 106 119 0.024270 0.003748 360.05 0.02
E 106 121 0.024422 0.004386 391.00 0.86
E 106 129 0.004098 0.000032 396.00 3.94
E 106 132 0.024125 0.003971 390.10 0.47
E 106 142 0.024319 0.004616 381.81 15.62
E 106 144 0.024939 0.004711 398.92 80.07
E 106 150 0.021883 0.000204 388.12 3.30
E 107 120 0.030479 0.004070 466.39 2.18
E 107 145 0.024733 0.005791 389.74 1.74
E 108 111 0.006898 0.000832 688.00 1.38
E 108 115 0.026408 0.006357 390.28 0.55
E 108 119 0.027810 0.007193 450.16 2.65
E 108 129 0.026047 0.006040 398.20 2.00
E 108 130 0.025609 0.005957 398.09 0.77
E 108 131 0.028506 0.006064 434.08 23.82
E 108 139 0.032440 0.006542 416.33 22.70
E 108 142 0.028177 0.005239 454.16 3.23
E 108 143 0.026414 0.006205 415.59 0.20
E 108 146 0.026361 0.007054 386.14 4.85
E 109 120 0.002641 0.000000 272.00 40.50
E 109 123 0.027521 0.005673 431.48 12.08
E 109 131 0.030178 0.007274 448.60 15.73
E 109 145 0.029537 0.004033 451.72 0.20
E 109 148 0.029784 0.003538 519.30 1.96
E 110 116 0.020436 0.004348 306.14 730.56
E 110 118 0.024822 0.002148 317.61 319.58
E 110 122 0.004514 0.000192 448.00 2.88
E 110 127 0.022046 0.003758 361.24 3.46
E 110 133 0.023869 0.004404 369.60 12.89
E 110 136 0.022739 0.004275 379.14 0.03
E 110 140 0.005889 0.000352 620.00 20.09
E 110 141 0.022275 0.003934 345.54 0.42
E 110 150 0.028496 0.009522 444.31 10.07
E 111 113 0.006546 0.000128 644.00 5.52
E 111 115 0.027157 0.004723 386.37 1.40
E 111 118 0.026989 0.005402 409.63 1.56
E 111 122 0.024974 0.005624 379.85 10.72
E 111 129 0.025222 0.005987 396.01 9.67
E 111 130 0.025607 0.004155 379.83 1.28
E 111 139 0.031777 0.006614 405.37 6.50
E 111 140 0.024681 0.004506 409.09 14.00
E 111 143 0.027827 0.004420 470.53 2.84
E 111 146 0.024091 0.004715 373.70 0.86
E 111 148 0.011220 0.000896 1112.00 43.17
E 111 150 0.025166 0.001244 365.02 3.14
E 112 114 0.025953 0.004057 360.91 2.48
E 112 118 0.004674 0.000544 468.00 369.02
E 112 126 0.021584 0.004121 325.19 0.11
E 112 135 0.027990 0.004665 397.77 9.91
E 113 120 0.027861 0.004933 423.51 13.53
E 113 130 0.031382 0.004976 416.25 11.86
E 113 139 0.032230 0.002544 481.05 0.23
E 113 143 0.035565 0.004974 426.66 7.55
E 113 148 0.029396 0.003101 488.62 1.28
E 114 118 0.003938 0.000000 376.00 22.34
E 114 126 0.002128 0.000000 208.00 0.77
E 114 135 0.026321 0.004790 409.67 11.27
E 115 119 0.028601 0.008254 427.42 3.34
E 115 129 0.026108 0.004549 396.63 1.45
E 115 130 0.026187 0.004018 401.06 9.64
E 115 131 0.028487 0.005122 428.86 0.18
E 115 139 0.031441 0.006348 461.61 1.12
E 115 142 0.029685 0.007666 461.09 0.76
E 115 143 0.026900 0.004380 401.66 1.66
E 115 146 0.026314 0.004628 380.73 1.44
E 115 149 0.033631 0.006381 422.37 3.17
E 116 118 0.024769 0.007886 407.47 1.08
E 116 127 0.020436 0.004348 314.64 1.43
E 116 128 0.016245 0.000546 257.90 0.11
E 116 133 0.025052 0.006377 393.19 3.51
E 116 136 0.020055 0.004206 523.03 0.04
E 116 138 0.016977 0.001279 265.50 0.00
E 116 140 0.001649 0.000000 148.00 15.43
E 116 141 0.021465 0.004652 352.35 0.00
E 116 150 0.025956 0.003537 466.15 0.26
E 117 121 0.022918 0.002568 353.11 37.54
E 117 132 0.018107 0.000378 288.08 20.22
E 117 137 0.017680 0.000379 285.85 12.45
E 117 142 0.022664 0.002405 349.96 1.42
E 117 144 0.025745 0.005046 380.98 39.51
E 117 150 0.020529 0.000001 337.61 0.00
E 118 122 0.026680 0.004941 403.24 0.04
E 118 124 0.025493 0.003322 365.61 48.80
E 118 126 0.025738 0.004287 423.41 47.83
E 118 127 0.024989 0.003010 373.60 8.21
E 118 129 0.025023 0.003901 384.03 0.00
E 118 133 0.024746 0.003297 413.91 0.12
E 118 136 0.025871 0.002646 416.49 122.73
E 118 140 0.026711 0.004930 397.95 0.00
E 118 141 0.025010 0.003784 384.34 319.96
E 119 129 0.029999 0.008916 443.48 2.05
E 119 130 0.029831 0.005621 485.05 5.21
E 119 131 0.031949 0.010114 472.62 0.18
E 119 139 0.032640 0.006049 556.44 19.76
E 119 142 0.022742 0.003303 348.36 1.43
E 119 143 0.030193 0.008853 553.43 4.61
E 119 144 0.024224 0.007839 352.78 0.81
E 119 146 0.029487 0.008873 432.00 0.55
E 120 130 0.031449 0.009045 471.73 12.94
E 120 139 0.032004 0.005960 451.28 16.91
E 120 143 0.033416 0.005088 605.52 0.00
E 120 147 0.002641 0.000000 272.00 41.89
E 120 148 0.030039 0.005234 413.47 192.48
E 120 149 0.036767 0.007166 458.03 27.55
E 121 132 0.022006 0.001841 342.93 4.23
E 121 142 0.006898 0.001408 688.00 36.35
E 121 144 0.024402 0.007745 526.59 27.27
E 121 150 0.030026 0.000000 301.94 2.54
E 122 124 0.023720 0.004098 377.81 1.51
E 122 126 0.024274 0.004077 378.53 5.00
E 122 129 0.025533 0.002120 380.09 0.30
E 122 133 0.025595 0.003036 386.44 0.80
E 122 138 0.024373 0.004579 446.23 9.91
E 122 140 0.024407 0.004172 388.25 0.47
E 123 145 0.025952 0.006071 419.84 2.70
E 123 147 0.027112 0.004602 417.20 12.04
E 124 126 0.023883 0.004485 431.67 1.29
E 124 133 0.026076 0.007202 488.37 2.06
E 124 138 0.023806 0.006299 498.38 0.02
E 124 140 0.024352 0.004148 392.55 33.18
E 124 150 0.027402 0.005213 393.64 151.07
E 125 128 0.017485 0.005392 278.09 2.67
E 126 129 0.006898 0.000352 688.00 8.34
E 126 133 0.025051 0.006445 417.38 50.10
E 126 140 0.024979 0.004619 375.53 44.37
E 127 133 0.023595 0.003805 367.55 4.81
E 127 136 0.021952 0.002889 345.12 1.26
E 127 141 0.021452 0.003367 344.02 21.42
E 127 144 0.022869 0.005139 356.06 4.21
E 128 138 0.016545 0.001313 262.27 18.53
E 129 131 0.029249 0.006177 434.74 14.71
E 129 133 0.026466 0.004579 406.03 2.10
E 129 139 0.002193 0.000000 216.00 0.15
E 129 140 0.027709 0.007462 417.08 0.32
E 129 142 0.007634 0.000768 780.00 8.70
E 129 146 0.026437 0.004357 395.96 33.18
E 130 139 0.034827 0.005625 479.09 8.78
E 130 143 0.027331 0.004479 424.62 0.49
E 130 146 0.025515 0.003459 356.62 0.01
E 130 148 0.029799 0.009044 543.99 0.22
E 130 149 0.033685 0.006978 461.25 29.45
E 131 139 0.033248 0.004184 584.90 5.55
E 131 142 0.034776 0.004862 620.17 3.57
E 131 146 0.028995 0.005667 410.40 0.06
E 131 149 0.032530 0.005622 444.45 12.14
E 132 137 0.016990 0.000312 282.48 396.68
E 132 142 0.022462 0.001999 356.67 0.58
E 132 150 0.021546 0.000339 547.73 5.32
E 133 136 0.023391 0.003232 372.22 5.49
E 133 138 0.024881 0.004579 414.48 5.90
E 133 140 0.025951 0.005386 373.12 1.16
E 133 141 0.023652 0.003726 343.80 19.85
E 134 135 0.026448 0.005172 406.59 281.66
E 135 139 0.025987 0.003662 371.89 0.24
E 136 141 0.022005 0.003827 340.27 1.03
E 136 144 0.023563 0.006197 357.11 1.54
E 136 150 0.017205 0.005184 1744.00 7.78
E 138 141 0.023179 0.004780 358.28 0.10
E 139 142 0.031099 0.004975 597.93 7.56
E 139 143 0.034709 0.006290 516.30 9.38
E 139 146 0.032569 0.003519 462.92 9.49
E 139 148 0.030479 0.006007 428.50 1.46
E 139 149 0.032173 0.002149 629.37 1.95
E 142 146 0.029236 0.006445 456.41 14.11
E 143 148 0.030704 0.001454 453.66 0.08
E 143 149 0.032759 0.006407 445.47 19.03
E 144 150 0.026186 0.005118 377.24 3.66
E 145 147 0.027144 0.005704 400.08 0.26
E 146 149 0.033420 0.003986 453.07 521.19
E 147 148 0.030365 0.000000 732.08 1.99
E 148 149 0.033043 0.006521 442.04 1.68
END

SECTION Terminals
Root 11
Terminals 61
T 74
T 149
T 28
T 72
T 95
T 23
T 29
T 121
T 60
T 83
T 135
T 116
T 94
T 104
T 145
T 150
T 71
T 128
T 77
T 114
T 139
T 41
T 144
T 52
T 10
T 34
T 43
T 80
T 85
T 51
T 49
T 91
T 111
T 65
T 81
T 142
T 9
T 100
T 126
T 54
T 63
T 131
T 5
T 7
T 3
T 115
T 148
T 46
T 66
T 134
T 35
T 125
T 56
T 36
T 133
T 45
T 40
T 53
T 90
T 75
T 123
END

EOF