SECTION Comment
CREATOR "Carlos Araujo"
REMARK "Instance for QoS Multicast Routing Problem"
QoS METRICS "delay, jitter, bandwidth and estimate of link duration"
END

SECTION Graph
Nodes 125
Edges 1224

E 1 5 0.026762 0.003816 440.43 0.16
E 1 12 0.026635 0.005427 331.63 1.28
E 1 13 0.025135 0.004356 382.70 0.04
E 1 18 0.020345 0.001240 329.89 3.85
E 1 20 0.026886 0.003223 434.93 0.39
E 1 35 0.029123 0.005540 409.76 0.04
E 1 38 0.010467 0.001568 1076.00 0.04
E 1 51 0.027349 0.003577 410.96 0.97
E 1 57 0.020858 0.001199 323.04 1.99
E 1 60 0.026547 0.003929 374.41 0.04
E 1 61 0.026729 0.005746 410.77 3.04
E 1 62 0.022565 0.000679 410.56 212.37
E 1 67 0.026762 0.003816 391.58 0.39
E 1 69 0.022903 0.003084 360.56 2.30
E 1 75 0.033250 0.006049 378.43 2.32
E 1 81 0.026663 0.003022 405.40 1.11
E 1 82 0.025833 0.005563 373.31 4.11
E 1 101 0.017807 0.001459 288.92 13.34
E 1 106 0.021772 0.000791 334.67 0.04
E 1 108 0.025023 0.004579 404.74 0.03
E 1 115 0.027736 0.004663 392.41 2.80
E 1 119 0.020529 0.000466 337.53 29.74
E 2 9 0.025605 0.003860 397.36 0.00
E 2 20 0.026402 0.004695 418.05 0.05
E 2 24 0.009842 0.001248 1056.00 0.01
E 2 25 0.006114 0.000768 648.00 0.48
E 2 26 0.021013 0.002271 340.54 0.22
E 2 32 0.020621 0.002298 341.14 0.01
E 2 43 0.030194 0.002272 455.60 0.44
E 2 48 0.023247 0.002308 358.48 0.13
E 2 50 0.028576 0.003176 441.33 0.48
E 2 52 0.029348 0.003900 380.99 0.12
E 2 54 0.026748 0.004428 471.21 2.77
E 2 64 0.025667 0.005461 423.37 0.50
E 2 71 0.020690 0.002283 326.84 0.05
E 2 72 0.028021 0.004568 421.88 2.60
E 2 77 0.026604 0.003848 372.19 0.33
E 2 78 0.030328 0.005540 438.46 0.49
E 2 80 0.031609 0.004296 510.76 0.05
E 2 85 0.027053 0.005784 418.22 1.02
E 2 88 0.028450 0.005527 406.43 1.09
E 2 96 0.028067 0.003862 415.14 0.42
E 2 98 0.032354 0.005152 454.95 0.83
E 2 99 0.023969 0.005552 368.13 1.48
E 2 104 0.029688 0.000000 473.76 6.41
E 2 107 0.020821 0.002564 330.46 0.50
E 2 109 0.031417 0.004002 452.85 1.10
E 2 120 0.028865 0.005070 388.57 1.04
E 3 15 0.016866 0.005960 330.40 333.58
E 3 31 0.017688 0.003131 282.19 0.92
E 3 40 0.019850 0.003533 334.43 1.36
E 3 58 0.021924 0.006206 341.99 130.21
E 3 59 0.018767 0.003829 304.27 3.04
E 3 63 0.020643 0.004522 376.24 0.60
E 3 65 0.001329 0.000000 108.00 0.88
E 3 66 0.017572 0.000775 318.63 7.24
E 3 84 0.001457 0.000000 124.00 2.88
E 3 90 0.020225 0.001832 311.44 0.26
E 3 92 0.018139 0.001764 323.01 3.74
E 3 112 0.019173 0.003392 292.98 1.42
E 3 116 0.018237 0.002086 282.06 0.04
E 3 125 0.015308 0.001832 233.36 2.54
E 4 17 0.025477 0.004828 430.66 1.35
E 4 23 0.025000 0.004736 372.47 0.05
E 4 33 0.023244 0.004477 630.01 0.26
E 4 36 0.021661 0.005484 355.41 0.12
E 4 39 0.025036 0.005051 394.00 1.78
E 4 40 0.026048 0.006622 392.66 1.89
E 4 41 0.023244 0.002148 340.44 9.24
E 4 44 0.026253 0.006402 439.02 1.73
E 4 51 0.026527 0.005135 386.55 2.12
E 4 56 0.025544 0.005947 382.21 52.91
E 4 58 0.026535 0.006370 417.66 15.09
E 4 59 0.022563 0.000452 380.73 0.22
E 4 63 0.029010 0.011872 495.56 4.92
E 4 66 0.002001 0.000000 192.00 0.00
E 4 67 0.026910 0.005520 430.77 10.18
E 4 70 0.024191 0.004780 386.29 152.98
E 4 76 0.024994 0.004900 359.44 0.20
E 4 82 0.024031 0.002799 354.05 11.12
E 4 83 0.024873 0.003626 395.73 0.04
E 4 84 0.024387 0.004507 415.09 0.23
E 4 91 0.025832 0.006342 410.86 0.42
E 4 100 0.026436 0.005301 398.26 0.39
E 4 111 0.024456 0.004811 384.33 39.67
E 4 115 0.026817 0.007863 371.79 200.77
E 4 118 0.028584 0.005773 414.03 1.34
E 4 119 0.019173 0.000271 377.36 0.99
E 4 122 0.025240 0.005680 405.90 0.31
E 4 124 0.026044 0.006622 379.24 0.25
E 5 13 0.028036 0.003828 388.85 0.26
E 5 14 0.002801 0.000000 292.00 9.23
E 5 18 0.027772 0.004310 425.50 3.07
E 5 20 0.029721 0.005529 504.48 0.48
E 5 24 0.024114 0.001842 377.54 0.81
E 5 35 0.025887 0.002957 397.01 0.28
E 5 38 0.027482 0.005031 406.65 0.29
E 5 43 0.027126 0.006403 442.50 0.01
E 5 44 0.022576 0.004588 395.61 0.78
E 5 50 0.023671 0.001634 402.11 0.26
E 5 51 0.026035 0.004758 392.44 1.16
E 5 57 0.029009 0.001107 405.15 2.18
E 5 60 0.028297 0.002849 410.77 0.22
E 5 61 0.024491 0.002940 386.21 1.44
E 5 63 0.019795 0.003562 386.37 5.57
E 5 67 0.026186 0.002950 390.61 1.21
E 5 72 0.007538 0.000256 768.00 28.39
E 5 73 0.024130 0.002087 422.82 19.60
E 5 75 0.032401 0.005716 466.26 2.75
E 5 80 0.031925 0.004037 385.84 2.70
E 5 81 0.026732 0.003344 383.66 0.64
E 5 82 0.024126 0.002374 364.87 0.47
E 5 96 0.026357 0.001110 369.06 0.19
E 5 98 0.012099 0.001920 1280.00 1.88
E 5 104 0.030316 0.004975 421.87 6.10
E 5 108 0.024151 0.003379 380.48 0.24
E 5 115 0.026201 0.003517 422.91 37.72
E 6 8 0.026939 0.007835 408.22 0.09
E 6 9 0.015236 0.000177 224.43 160.27
E 6 10 0.028181 0.004288 409.70 62.70
E 6 11 0.023250 0.005496 363.10 0.00
E 6 15 0.026635 0.002476 408.32 33.25
E 6 24 0.033660 0.003974 437.15 0.05
E 6 25 0.028585 0.001696 373.17 0.87
E 6 29 0.024361 0.004321 378.03 407.10
E 6 43 0.002321 0.000000 232.00 0.97
E 6 44 0.025752 0.001713 433.26 2.17
E 6 45 0.024485 0.002302 403.35 1.70
E 6 53 0.025703 0.002815 390.40 0.68
E 6 54 0.032012 0.004094 484.70 20.34
E 6 68 0.021987 0.004148 351.89 0.17
E 6 79 0.016008 0.003075 274.77 253.83
E 6 89 0.024954 0.001731 409.78 0.69
E 6 90 0.024212 0.000969 390.93 0.30
E 6 94 0.024651 0.001679 400.86 0.74
E 6 104 0.032362 0.004259 509.79 88.10
E 6 105 0.023862 0.001446 376.86 4.10
E 6 114 0.026300 0.005165 419.66 0.84
E 6 120 0.002801 0.000000 292.00 0.81
E 7 22 0.020482 0.002938 309.03 2.42
E 7 27 0.018318 0.004681 288.99 5.01
E 7 37 0.022903 0.003925 380.33 1.23
E 7 42 0.020600 0.002830 308.40 20.90
E 7 47 0.021886 0.004409 339.10 1.80
E 7 93 0.021581 0.003444 353.10 0.14
E 7 118 0.024464 0.003075 367.17 0.04
E 8 10 0.021930 0.004794 341.22 2.84
E 8 11 0.028613 0.011137 461.93 9.94
E 8 15 0.027144 0.004240 409.71 41.25
E 8 44 0.020388 0.004849 304.45 6.39
E 8 45 0.028287 0.007293 466.10 0.23
E 8 53 0.024285 0.004763 361.76 1.85
E 8 63 0.020878 0.004294 344.82 0.87
E 8 73 0.027309 0.007293 478.91 0.59
E 8 84 0.020760 0.005728 335.25 2.72
E 8 89 0.028287 0.007293 456.21 1.87
E 8 90 0.027244 0.006852 381.85 0.19
E 8 94 0.026452 0.005056 364.16 1.28
E 8 100 0.025936 0.004104 388.01 2.21
E 8 105 0.026831 0.004789 389.97 2.15
E 8 112 0.021051 0.004835 316.70 0.73
E 8 114 0.027712 0.007764 437.09 0.39
E 8 122 0.023418 0.004329 372.16 1.61
E 8 124 0.021333 0.003375 335.42 1.01
E 9 11 0.019764 0.005766 318.29 320.15
E 9 24 0.027870 0.002890 400.27 0.00
E 9 25 0.029404 0.001922 471.87 0.00
E 9 29 0.025299 0.005269 346.21 27.43
E 9 35 0.028306 0.004159 472.79 0.00
E 9 38 0.026293 0.003779 441.96 0.00
E 9 43 0.027707 0.001527 434.78 0.00
E 9 45 0.022562 0.007246 373.32 0.06
E 9 54 0.028560 0.003975 395.44 14.60
E 9 64 0.023239 0.003471 367.49 54.52
E 9 68 0.019004 0.001115 387.34 0.00
E 9 72 0.027668 0.004431 413.38 81.06
E 9 77 0.027380 0.004172 421.19 0.00
E 9 85 0.028141 0.005817 460.42 0.00
E 9 89 0.021767 0.003790 340.60 0.00
E 9 96 0.026455 0.005797 396.72 0.00
E 9 98 0.032715 0.008897 471.75 0.00
E 9 99 0.024001 0.003927 359.81 0.00
E 9 104 0.031201 0.003799 404.08 2.96
E 9 107 0.024569 0.003295 372.01 0.00
E 9 113 0.023378 0.005422 357.72 163.30
E 9 120 0.029130 0.006057 455.70 13.22
E 10 15 0.021486 0.005038 376.45 3.71
E 10 29 0.021213 0.003785 346.18 98.42
E 10 31 0.021036 0.004991 320.28 0.00
E 10 45 0.021286 0.005088 296.12 3.15
E 10 65 0.024487 0.003986 335.55 0.00
E 10 68 0.025860 0.006196 415.80 1.82
E 10 73 0.026748 0.004014 426.36 0.02
E 10 79 0.019520 0.007083 372.38 0.95
E 10 84 0.021302 0.004206 327.70 15.40
E 10 89 0.022021 0.005705 330.66 10.34
E 10 90 0.023370 0.004049 378.13 908.58
E 10 91 0.024770 0.006332 404.75 1064.75
E 10 94 0.025456 0.003820 352.94 21.22
E 10 105 0.025456 0.003820 422.61 11.96
E 10 114 0.026478 0.004533 388.62 0.00
E 11 15 0.030274 0.006044 488.78 0.18
E 11 24 0.033659 0.005742 472.18 122.71
E 11 25 0.029541 0.001696 393.91 2.29
E 11 29 0.024979 0.005584 365.38 0.38
E 11 43 0.002385 0.000000 240.00 2.54
E 11 44 0.029347 0.003731 443.77 0.48
E 11 45 0.022930 0.005557 350.54 0.48
E 11 53 0.028325 0.004410 428.07 1.89
E 11 54 0.031630 0.005917 469.99 0.07
E 11 64 0.021072 0.003854 319.97 31.26
E 11 79 0.018648 0.006414 269.33 15.02
E 11 89 0.022775 0.004549 368.12 1.90
E 11 94 0.029461 0.001922 480.28 4.42
E 11 104 0.031552 0.004786 462.30 0.17
E 11 113 0.021772 0.006419 325.99 0.28
E 11 114 0.026190 0.004714 399.56 7.07
E 11 120 0.002801 0.000000 292.00 2.28
E 12 14 0.024611 0.003018 364.02 3.12
E 12 18 0.028137 0.005663 433.49 6.90
E 12 20 0.027809 0.004822 410.41 1.48
E 12 26 0.020993 0.001405 327.02 4.72
E 12 48 0.022246 0.000887 344.70 0.27
E 12 50 0.023823 0.003305 416.21 0.22
E 12 51 0.024854 0.003647 520.45 11.95
E 12 52 0.028549 0.004453 434.76 0.40
E 12 60 0.021659 0.001873 352.69 0.87
E 12 61 0.022443 0.003513 365.58 7.81
E 12 75 0.033157 0.005687 483.00 4.18
E 12 78 0.021606 0.001631 359.90 0.93
E 12 81 0.025760 0.003507 357.28 0.21
E 12 109 0.028550 0.005317 422.80 5.23
E 12 123 0.021516 0.001430 349.11 0.21
E 13 18 0.022503 0.001789 329.44 4.68
E 13 36 0.022730 0.003486 347.46 0.03
E 13 51 0.028377 0.007583 479.44 0.86
E 13 56 0.021281 0.005791 310.98 2.34
E 13 57 0.023206 0.003111 368.51 2.88
E 13 61 0.027568 0.002488 364.75 2.78
E 13 67 0.028036 0.003828 434.82 2.22
E 13 80 0.003537 0.000000 384.00 0.80
E 13 82 0.025590 0.003076 393.12 2.11
E 13 87 0.020603 0.004900 300.03 4.65
E 13 93 0.021678 0.006236 375.53 0.23
E 13 95 0.020961 0.003881 349.46 3.05
E 13 106 0.024460 0.004034 381.20 3.28
E 13 115 0.026902 0.003425 460.32 1.97
E 13 119 0.023754 0.006511 386.80 13.56
E 14 18 0.029423 0.005276 449.23 45.99
E 14 19 0.026025 0.004410 526.40 0.95
E 14 20 0.028234 0.004714 429.28 7.70
E 14 26 0.027958 0.005411 383.71 54.23
E 14 35 0.035963 0.001866 691.75 100.03
E 14 38 0.028427 0.004555 413.07 99.26
E 14 48 0.027927 0.003037 424.95 9.44
E 14 50 0.027790 0.005440 409.72 46.65
E 14 52 0.028230 0.005024 403.98 3.41
E 14 60 0.025407 0.003901 393.09 65.80
E 14 67 0.028276 0.005992 530.88 6.45
E 14 72 0.028440 0.002948 418.39 0.16
E 14 75 0.031747 0.005027 467.26 28.93
E 14 78 0.024906 0.002970 405.98 9.31
E 14 80 0.031687 0.005473 435.48 2.93
E 14 81 0.025769 0.002892 391.87 0.90
E 14 85 0.010531 0.000448 1084.00 4.99
E 14 88 0.029890 0.006702 436.64 11.84
E 14 96 0.028568 0.002265 427.11 91.20
E 14 98 0.030921 0.007053 463.73 19.14
E 14 109 0.027393 0.004737 390.03 6.48
E 14 115 0.027584 0.006648 397.77 0.21
E 14 120 0.027405 0.001573 455.54 35.54
E 14 123 0.024622 0.002931 364.03 12.51
E 15 24 0.031075 0.003697 457.26 9.86
E 15 25 0.026443 0.004183 445.31 2.45
E 15 31 0.020924 0.004729 349.46 140.38
E 15 34 0.021480 0.002171 357.31 17.87
E 15 35 0.023621 0.004864 2372.00 2.98
E 15 38 0.025519 0.005156 386.78 3.01
E 15 43 0.029897 0.005126 535.07 2.55
E 15 44 0.025858 0.004057 380.91 115.28
E 15 45 0.026634 0.002476 377.60 0.64
E 15 53 0.026201 0.004221 404.84 2.77
E 15 54 0.032608 0.003888 457.32 0.13
E 15 63 0.031384 0.000000 742.68 24.52
E 15 65 0.020927 0.006630 361.87 0.84
E 15 72 0.002449 0.000000 248.00 44.47
E 15 73 0.028216 0.006162 478.01 305.27
E 15 80 0.027314 0.001018 368.15 86.28
E 15 83 0.024770 0.004749 377.67 3.05
E 15 84 0.023040 0.007553 384.44 3.58
E 15 86 0.020969 0.004031 344.31 0.18
E 15 89 0.026635 0.003762 455.04 2.80
E 15 90 0.021676 0.004610 346.28 93.05
E 15 94 0.021707 0.004995 333.50 3.29
E 15 96 0.026804 0.000848 373.32 2.89
E 15 104 0.032244 0.004317 483.32 0.11
E 15 105 0.021707 0.004995 316.01 1.83
E 15 112 0.023040 0.007553 316.39 5.65
E 15 114 0.026052 0.005369 426.48 32.27
E 15 120 0.027313 0.002373 437.12 3.31
E 16 21 0.023271 0.003715 388.74 1.02
E 16 33 0.023380 0.000339 336.35 0.01
E 16 36 0.023227 0.003521 365.27 1.39
E 16 46 0.022307 0.001991 344.78 0.45
E 16 49 0.019864 0.002269 307.73 1.05
E 16 55 0.022706 0.005060 316.25 1.20
E 16 57 0.022189 0.001462 334.89 1.84
E 16 62 0.023468 0.004515 375.34 3.37
E 16 69 0.023374 0.004043 377.43 1.67
E 16 95 0.024388 0.004155 375.69 2.15
E 16 97 0.022633 0.004070 345.52 0.93
E 16 101 0.022515 0.002277 327.50 19.53
E 16 106 0.024403 0.003586 393.88 2.42
E 16 119 0.022824 0.004410 385.21 16.95
E 17 23 0.025417 0.006303 370.04 4.18
E 17 39 0.025291 0.004969 379.79 0.00
E 17 40 0.023423 0.003307 359.76 21.55
E 17 41 0.001841 0.000000 172.00 18.13
E 17 46 0.023764 0.003574 379.93 1.32
E 17 55 0.027171 0.004579 405.28 5.16
E 17 56 0.023031 0.001997 401.42 3.59
E 17 58 0.025199 0.003222 452.57 86.85
E 17 59 0.017384 0.000709 308.99 1.80
E 17 70 0.022710 0.003828 354.40 14.09
E 17 76 0.024780 0.006038 421.38 0.10
E 17 83 0.023257 0.002504 427.67 1.58
E 17 84 0.020782 0.004551 331.30 5.84
E 17 91 0.026001 0.005270 400.49 0.02
E 17 97 0.032571 0.004918 423.53 2.37
E 17 100 0.026715 0.004855 437.04 12.36
E 17 111 0.023188 0.002323 356.77 2.02
E 17 112 0.019192 0.003745 308.07 0.09
E 17 118 0.028201 0.005000 387.40 2.33
E 17 122 0.024390 0.004264 352.12 1.85
E 17 124 0.022915 0.004070 385.99 8.11
E 18 20 0.029084 0.006411 426.71 0.52
E 18 26 0.033419 0.002714 577.73 0.52
E 18 35 0.025582 0.003160 404.97 2.96
E 18 38 0.014916 0.000512 1516.00 2.94
E 18 43 0.028671 0.006784 390.05 3.38
E 18 48 0.039016 0.002714 533.71 0.84
E 18 50 0.029913 0.006369 495.50 0.62
E 18 51 0.028377 0.006396 415.00 0.38
E 18 52 0.033417 0.002714 461.66 0.16
E 18 57 0.018621 0.000831 298.03 4.87
E 18 60 0.028563 0.006411 434.52 1.82
E 18 61 0.028866 0.007170 428.78 0.82
E 18 62 0.023175 0.004816 513.62 561.27
E 18 67 0.027771 0.004310 444.42 1.26
E 18 69 0.024598 0.006954 379.89 76.30
E 18 75 0.032816 0.004723 499.12 1.72
E 18 78 0.033419 0.002883 463.23 0.78
E 18 80 0.002897 0.000000 304.00 0.18
E 18 81 0.028342 0.006235 466.80 38.61
E 18 96 0.002897 0.000000 304.00 2.91
E 18 101 0.017750 0.001189 297.72 0.04
E 18 106 0.024270 0.004231 363.03 23.09
E 18 108 0.025463 0.005828 395.96 4.77
E 18 109 0.030385 0.005246 412.35 1.78
E 18 115 0.028261 0.006479 377.33 16.31
E 18 119 0.021886 0.003872 405.15 0.54
E 18 121 0.022339 0.004636 300.08 0.55
E 19 21 0.023187 0.002657 387.05 2.97
E 19 33 0.026877 0.004894 369.61 10.92
E 19 49 0.023333 0.004206 346.26 7.76
E 19 62 0.025672 0.005723 384.93 0.01
E 19 67 0.027395 0.005258 438.18 536.19
E 19 69 0.023920 0.005292 382.69 0.18
E 19 74 0.023711 0.002294 340.48 25.57
E 19 101 0.023197 0.002967 355.50 1.76
E 19 103 0.022903 0.002632 346.48 34.16
E 19 117 0.023144 0.003058 350.68 1.15
E 19 121 0.023151 0.004892 365.11 33.44
E 20 26 0.026402 0.004695 413.07 1.44
E 20 35 0.025787 0.001866 374.55 0.37
E 20 38 0.014852 0.001728 1508.00 0.37
E 20 48 0.027505 0.005164 420.16 0.44
E 20 50 0.028847 0.005393 432.92 2.31
E 20 51 0.029347 0.006597 429.36 0.46
E 20 52 0.028090 0.004546 410.63 0.53
E 20 60 0.027901 0.004616 427.48 0.28
E 20 61 0.029484 0.003811 473.26 0.64
E 20 67 0.029996 0.005458 405.31 1.80
E 20 72 0.028349 0.004271 423.81 0.16
E 20 75 0.032926 0.005872 429.49 0.44
E 20 77 0.022791 0.003265 453.37 0.25
E 20 78 0.027748 0.004822 406.26 0.01
E 20 80 0.029349 0.005540 408.60 0.25
E 20 81 0.027872 0.004488 400.71 5.65
E 20 82 0.028445 0.001922 423.13 10.66
E 20 96 0.004386 0.000064 432.00 0.14
E 20 98 0.030806 0.006701 456.27 0.19
E 20 109 0.028368 0.005393 444.99 1.27
E 20 115 0.029426 0.004305 480.32 0.24
E 20 123 0.027551 0.004959 398.72 0.93
E 21 23 0.019004 0.002035 283.70 0.09
E 21 28 0.001681 0.000000 152.00 0.04
E 21 33 0.021512 0.001577 342.02 0.00
E 21 36 0.023131 0.004433 392.28 1.19
E 21 46 0.022190 0.002637 365.52 9.80
E 21 49 0.025105 0.003279 407.27 0.37
E 21 55 0.024521 0.004875 375.68 0.38
E 21 57 0.001905 0.000000 180.00 0.04
E 21 62 0.027448 0.004274 419.88 11.81
E 21 69 0.023763 0.004071 382.05 0.00
E 21 87 0.021873 0.002538 334.35 5.51
E 21 95 0.021955 0.004654 343.75 0.20
E 21 101 0.024181 0.004801 332.17 3.63
E 21 103 0.022974 0.001923 430.12 83.16
E 21 106 0.023868 0.003981 389.79 0.36
E 21 117 0.023186 0.002657 330.92 9.88
E 21 118 0.024615 0.002652 375.73 0.56
E 21 119 0.023637 0.005224 375.83 1.12
E 21 121 0.024139 0.005500 412.54 0.14
E 22 27 0.018702 0.004480 318.68 48.54
E 22 28 0.017828 0.001925 299.12 2.35
E 22 30 0.020398 0.004857 340.59 1.49
E 22 37 0.019851 0.000339 540.96 0.69
E 22 47 0.022226 0.003731 343.81 0.59
E 22 66 0.007442 0.001824 756.00 40.52
E 22 87 0.021484 0.003238 356.22 10.89
E 22 93 0.017425 0.001943 310.12 0.73
E 22 110 0.024436 0.005140 354.45 3.95
E 23 39 0.026821 0.004490 403.57 0.29
E 23 40 0.024215 0.004465 353.28 0.04
E 23 41 0.021302 0.003172 319.87 2.38
E 23 55 0.026769 0.003392 395.07 0.00
E 23 56 0.024488 0.003350 384.55 41.72
E 23 58 0.024985 0.004541 412.05 5.69
E 23 59 0.022019 0.000452 336.66 1.13
E 23 63 0.026054 0.006590 479.86 7.41
E 23 70 0.021554 0.003737 326.26 108.77
E 23 76 0.024260 0.005446 366.97 0.31
E 23 83 0.024726 0.004579 406.50 0.08
E 23 84 0.023761 0.004591 380.78 1.13
E 23 91 0.025277 0.004354 379.04 1.09
E 23 100 0.026767 0.004717 415.46 0.11
E 23 111 0.023506 0.003128 387.26 0.00
E 23 112 0.026184 0.004636 659.48 0.24
E 23 118 0.026573 0.003671 445.81 5.59
E 23 122 0.024176 0.005308 333.93 0.04
E 23 124 0.021682 0.003530 339.41 0.03
E 24 25 0.033655 0.003974 478.89 1.26
E 24 35 0.024643 0.001898 403.79 2.30
E 24 38 0.027133 0.004823 415.58 2.32
E 24 43 0.033657 0.003974 521.23 1.52
E 24 44 0.033658 0.003974 472.78 5.09
E 24 45 0.033660 0.003974 434.25 0.88
E 24 53 0.033660 0.003974 401.88 1.75
E 24 54 0.026224 0.002348 399.94 7.19
E 24 64 0.025332 0.002469 370.29 0.39
E 24 72 0.028449 0.004656 418.07 4.36
E 24 75 0.032370 0.004872 438.08 0.20
E 24 77 0.026100 0.002779 411.06 0.15
E 24 80 0.029256 0.002804 429.27 0.12
E 24 85 0.026753 0.006360 403.50 1.43
E 24 89 0.033660 0.003974 516.80 0.76
E 24 96 0.026444 0.002502 392.66 2.08
E 24 98 0.030342 0.006445 494.32 0.21
E 24 104 0.030653 0.003771 429.60 26.95
E 24 113 0.025348 0.004595 376.39 4.98
E 24 120 0.026814 0.004421 401.94 0.70
E 25 44 0.024839 0.001498 372.91 2.61
E 25 45 0.028584 0.001696 465.45 0.41
E 25 50 0.025368 0.002827 404.83 3.03
E 25 54 0.034194 0.004274 444.79 1.59
E 25 63 0.025391 0.005597 439.75 6.28
E 25 72 0.032402 0.004070 548.94 1.81
E 25 77 0.032402 0.004070 355.47 0.32
E 25 80 0.027313 0.006869 409.37 3.80
E 25 85 0.032402 0.004070 566.97 0.39
E 25 98 0.002641 0.000000 272.00 0.16
E 25 100 0.027238 0.005220 409.45 4.41
E 25 104 0.032057 0.003799 495.05 1.43
E 25 109 0.021378 0.004240 343.22 0.78
E 25 113 0.001585 0.000000 140.00 39.53
E 25 115 0.027759 0.006847 411.47 4.55
E 25 120 0.029443 0.004313 445.78 3.50
E 25 122 0.024866 0.004660 389.79 45.61
E 26 32 0.018079 0.000216 298.92 0.15
E 26 48 0.024173 0.001646 371.20 0.88
E 26 50 0.030134 0.005166 469.98 1.41
E 26 52 0.029451 0.005018 401.07 0.33
E 26 60 0.029689 0.005653 452.10 0.35
E 26 71 0.018485 0.000501 304.38 0.06
E 26 72 0.028818 0.003752 447.23 1.87
E 26 75 0.032739 0.004862 469.46 0.53
E 26 77 0.025705 0.003774 378.26 1.19
E 26 78 0.028604 0.005018 435.78 0.41
E 26 81 0.028671 0.005088 446.68 1.00
E 26 85 0.026201 0.006089 401.79 2.74
E 26 88 0.028386 0.005626 412.78 0.26
E 26 96 0.028331 0.000000 766.64 0.63
E 26 98 0.030779 0.003167 399.40 0.26
E 26 109 0.031697 0.005470 441.15 0.43
E 26 123 0.027949 0.005509 387.59 0.64
E 27 37 0.016687 0.002314 277.85 0.21
E 27 47 0.016350 0.002883 265.71 1.68
E 27 116 0.002577 0.000000 264.00 21.07
E 28 30 0.020529 0.004928 303.84 1.76
E 28 33 0.019714 0.001425 303.48 0.00
E 28 41 0.024528 0.004981 361.98 0.02
E 28 42 0.035625 0.006954 440.58 0.00
E 28 55 0.022702 0.002893 362.24 69.99
E 28 56 0.017724 0.003294 290.20 0.04
E 28 74 0.010053 0.000128 908.00 0.07
E 28 87 0.020334 0.002196 327.14 1.13
E 28 93 0.017592 0.002282 268.42 6.41
E 28 95 0.023303 0.003392 375.04 640.95
E 28 97 0.021998 0.004862 389.08 137.34
E 28 102 0.004946 0.000096 444.00 3.82
E 28 110 0.023493 0.004854 371.56 6.68
E 28 121 0.022376 0.003468 411.34 141.91
E 29 45 0.023893 0.006152 426.17 3.52
E 29 64 0.017421 0.001527 262.64 0.00
E 29 68 0.024063 0.003659 361.94 71.38
E 29 73 0.024408 0.003586 386.77 0.00
E 29 89 0.023254 0.005019 374.68 2.42
E 29 94 0.023760 0.003386 365.81 0.32
E 29 113 0.020529 0.003943 349.24 1.18
E 30 33 0.023084 0.003489 386.79 2.93
E 30 42 0.024692 0.005993 376.20 15.48
E 30 55 0.026684 0.010709 376.99 33.79
E 30 74 0.019003 0.004763 306.09 0.83
E 30 87 0.021514 0.005314 348.51 0.74
E 30 93 0.021208 0.003901 323.32 0.14
E 30 110 0.024284 0.005579 392.60 0.09
E 30 118 0.025193 0.005268 392.37 15.01
E 30 121 0.021802 0.004410 328.46 5.02
E 31 40 0.020291 0.004112 340.91 185.36
E 31 58 0.021347 0.006191 310.75 117.74
E 31 59 0.020351 0.004459 313.01 2.87
E 31 63 0.021479 0.005223 300.87 0.12
E 31 65 0.020607 0.006320 303.96 0.03
E 31 66 0.018139 0.001799 281.08 6.86
E 31 86 0.019400 0.004320 351.55 6.50
E 31 90 0.019161 0.004592 295.61 0.07
E 31 92 0.018044 0.001805 311.46 3.40
E 31 94 0.019294 0.004451 334.51 2.88
E 31 105 0.019294 0.004451 299.99 2.87
E 31 112 0.021887 0.007462 321.19 1.16
E 31 125 0.017732 0.003564 297.88 1.68
E 32 48 0.021962 0.000986 349.55 0.95
E 32 71 0.017964 0.000350 278.60 0.23
E 32 72 0.005314 0.000416 548.00 0.07
E 32 85 0.025737 0.005462 396.73 0.01
E 32 88 0.028330 0.005818 410.64 0.06
E 32 99 0.022404 0.007081 351.89 0.37
E 32 107 0.018682 0.002393 309.06 0.11
E 32 120 0.028416 0.006106 353.39 0.01
E 33 36 0.023432 0.003731 354.79 0.00
E 33 37 0.031043 0.000763 447.30 0.19
E 33 41 0.024212 0.004720 363.58 0.00
E 33 42 0.021950 0.002891 367.77 0.18
E 33 46 0.022533 0.002374 358.81 7.93
E 33 47 0.022111 0.002827 360.22 3.73
E 33 55 0.024115 0.004658 377.46 0.56
E 33 66 0.022522 0.004071 310.59 57.86
E 33 74 0.025771 0.005712 390.57 858.04
E 33 87 0.022044 0.004093 371.56 1.81
E 33 92 0.024696 0.006542 388.47 1.72
E 33 93 0.021446 0.004192 346.66 1.91
E 33 95 0.022730 0.005399 367.80 0.28
E 33 97 0.023241 0.004730 378.14 0.27
E 33 100 0.027088 0.003844 377.00 4.06
E 33 103 0.026136 0.006146 389.71 319.96
E 33 110 0.024555 0.004876 394.91 0.19
E 33 117 0.026441 0.005846 425.55 23.37
E 33 118 0.023497 0.003210 367.93 0.69
E 33 121 0.025710 0.005173 363.50 74.58
E 34 65 0.019102 0.002798 302.49 5.89
E 34 68 0.021082 0.004052 322.44 2.23
E 34 73 0.026037 0.004979 385.60 0.30
E 34 79 0.021150 0.005227 304.47 100.15
E 34 86 0.019102 0.002798 320.82 0.86
E 34 90 0.019298 0.002952 310.01 0.20
E 34 94 0.019711 0.003184 311.00 1.20
E 34 105 0.019292 0.002640 319.08 0.58
E 35 51 0.026745 0.003694 404.03 0.80
E 35 54 0.024555 0.001892 372.82 2.12
E 35 57 0.029009 0.006203 400.51 4.03
E 35 60 0.030909 0.004138 524.66 1.01
E 35 61 0.025449 0.003901 411.09 1.81
E 35 64 0.021008 0.001816 355.83 2.34
E 35 67 0.025374 0.002935 397.79 1.68
E 35 72 0.028683 0.005905 452.85 2.03
E 35 75 0.032062 0.004070 527.45 2.61
E 35 77 0.025295 0.002591 389.82 1.86
E 35 80 0.030975 0.002544 443.20 0.97
E 35 81 0.024897 0.001420 373.99 2.81
E 35 82 0.025460 0.002976 366.06 1.93
E 35 85 0.025463 0.005989 380.73 0.42
E 35 98 0.032306 0.007877 508.27 0.43
E 35 99 0.021830 0.002567 336.63 3.73
E 35 104 0.029966 0.003586 457.95 2.53
E 35 113 0.020969 0.005064 330.94 60.18
E 35 115 0.026744 0.003391 396.56 1.85
E 35 120 0.026265 0.003764 359.05 4.38
E 36 46 0.023426 0.003871 420.26 4.97
E 36 49 0.024195 0.003053 360.37 0.46
E 36 55 0.024146 0.004706 387.06 0.17
E 36 56 0.023787 0.006920 432.26 0.02
E 36 57 0.022428 0.001583 361.32 1.55
E 36 62 0.023936 0.004194 401.18 1.82
E 36 69 0.023179 0.005168 367.76 0.00
E 36 87 0.024883 0.007689 394.39 786.82
E 36 95 0.022399 0.004494 372.45 0.26
E 36 97 0.024102 0.005529 385.20 0.41
E 36 101 0.023424 0.002505 369.52 3.81
E 36 103 0.022054 0.000678 394.48 80.88
E 36 106 0.023359 0.003328 379.91 0.76
E 36 110 0.027179 0.011058 409.68 2.10
E 36 119 0.022241 0.003130 358.67 0.25
E 36 121 0.021804 0.003807 364.65 0.36
E 37 40 0.018223 0.002239 303.39 6.05
E 37 41 0.023366 0.004502 350.97 2.83
E 37 42 0.027086 0.006304 481.50 2.40
E 37 47 0.015764 0.001420 251.93 2.10
E 37 58 0.022459 0.008077 352.57 13.70
E 37 59 0.019393 0.004274 304.30 1.08
E 37 66 0.017947 0.001843 287.42 8.96
E 37 70 0.026024 0.006784 478.56 1.80
E 37 76 0.024769 0.006558 423.41 0.20
E 37 92 0.017593 0.001535 280.59 0.55
E 37 93 0.023015 0.005173 324.49 0.61
E 37 110 0.022649 0.003901 396.64 1.20
E 37 116 0.016450 0.000683 280.11 1.42
E 37 118 0.003905 0.000160 372.00 1.13
E 37 124 0.024488 0.003618 347.73 22.68
E 38 51 0.022707 0.003136 2316.00 0.81
E 38 54 0.026430 0.003842 414.92 2.13
E 38 57 0.002737 0.000000 284.00 1.81
E 38 60 0.024119 0.002208 2492.00 1.00
E 38 61 0.002353 0.000000 236.00 1.80
E 38 64 0.026047 0.004096 407.07 2.35
E 38 67 0.046082 0.001952 4600.00 1.72
E 38 72 0.028555 0.005040 450.41 2.03
E 38 75 0.031723 0.003580 486.79 1.19
E 38 77 0.026261 0.004935 409.98 1.86
E 38 80 0.030646 0.003279 465.74 0.97
E 38 81 0.007410 0.000896 752.00 2.54
E 38 82 0.047050 0.005184 4604.00 1.93
E 38 85 0.026261 0.004935 389.44 0.42
E 38 98 0.030725 0.006866 428.48 0.45
E 38 99 0.026562 0.004728 427.27 3.73
E 38 104 0.030242 0.004004 425.50 2.55
E 38 113 0.026330 0.007745 405.04 60.47
E 38 115 0.017522 0.001920 1784.00 1.85
E 38 120 0.026643 0.004164 423.00 4.40
E 39 40 0.027083 0.004551 411.31 0.06
E 39 41 0.001873 0.000000 176.00 0.74
E 39 44 0.023315 0.003465 323.91 0.00
E 39 55 0.026274 0.004429 389.24 0.01
E 39 56 0.030293 0.005766 490.91 0.79
E 39 58 0.027232 0.004363 397.06 0.24
E 39 59 0.033362 0.006614 539.88 1.45
E 39 63 0.022677 0.005154 374.03 41.22
E 39 66 0.002001 0.000000 192.00 53.66
E 39 70 0.031111 0.007191 493.98 0.69
E 39 76 0.027558 0.005616 434.58 27.78
E 39 83 0.025049 0.004449 382.21 0.37
E 39 84 0.027313 0.007599 609.22 1.25
E 39 91 0.025693 0.004481 416.71 19.06
E 39 100 0.026330 0.004482 403.23 0.14
E 39 111 0.024282 0.004036 378.23 4.72
E 39 118 0.027475 0.005414 445.14 1.79
E 39 122 0.024939 0.005717 372.10 0.29
E 39 124 0.025888 0.005020 388.66 0.10
E 40 41 0.023865 0.004939 373.52 205.70
E 40 47 0.017762 0.002743 273.44 3.24
E 40 56 0.023216 0.002397 348.75 178.58
E 40 58 0.020797 0.003963 328.16 1.30
E 40 59 0.018168 0.003141 296.14 1.00
E 40 63 0.023582 0.007177 364.96 81.05
E 40 66 0.017775 0.002391 311.72 0.38
E 40 70 0.023064 0.004040 392.60 92.23
E 40 76 0.024322 0.004984 385.68 1.39
E 40 83 0.022677 0.002186 447.85 31.47
E 40 84 0.023761 0.004591 349.20 1.06
E 40 91 0.026125 0.004957 387.83 7.73
E 40 92 0.017834 0.002339 275.56 2.62
E 40 100 0.026114 0.004380 430.56 0.04
E 40 111 0.022904 0.002035 341.28 25.15
E 40 116 0.017827 0.002312 287.75 5.24
E 40 118 0.028645 0.005427 381.39 6.26
E 40 122 0.023883 0.003664 382.21 0.12
E 40 124 0.023762 0.005679 347.18 0.08
E 41 46 0.021130 0.002697 345.41 0.20
E 41 47 0.023533 0.004717 383.35 0.18
E 41 55 0.023835 0.004749 388.79 116.33
E 41 56 0.024785 0.006840 398.21 1.73
E 41 58 0.023623 0.006544 345.17 7.82
E 41 66 0.022487 0.003670 354.83 14.41
E 41 70 0.021622 0.004253 336.09 0.03
E 41 76 0.024394 0.006038 374.13 0.00
E 41 87 0.024404 0.005749 331.16 0.66
E 41 91 0.024940 0.004598 349.75 386.98
E 41 92 0.022590 0.004214 343.55 2.42
E 41 93 0.023442 0.004192 344.87 1.17
E 41 95 0.023784 0.004794 404.63 702.26
E 41 97 0.023309 0.004862 335.97 87.06
E 41 100 0.027088 0.006590 529.00 1.24
E 41 110 0.022634 0.004288 346.03 7.18
E 41 116 0.021958 0.003634 313.88 314.94
E 41 118 0.026635 0.004014 415.19 32.10
E 42 47 0.027086 0.006304 384.59 4.55
E 42 66 0.024907 0.004934 376.15 0.33
E 42 76 0.023769 0.005267 375.68 0.01
E 42 87 0.020382 0.002410 343.30 0.61
E 42 97 0.026952 0.006829 369.38 7.33
E 42 110 0.023048 0.004456 386.50 2.82
E 42 116 0.023726 0.007905 371.99 2.69
E 42 118 0.024616 0.003181 372.10 5.29
E 43 44 0.030364 0.003900 419.94 0.83
E 43 54 0.034917 0.004944 431.00 1.72
E 43 67 0.028473 0.006396 421.25 0.10
E 43 72 0.029192 0.002529 388.02 1.64
E 43 77 0.029193 0.002529 450.43 1.64
E 43 80 0.029346 0.002770 476.51 0.98
E 43 82 0.026540 0.007717 414.44 0.05
E 43 85 0.029346 0.007075 472.27 0.34
E 43 98 0.031212 0.003731 418.57 0.09
E 43 104 0.032228 0.004536 470.95 1.69
E 43 106 0.032232 0.008932 467.45 4.14
E 43 111 0.028840 0.007971 435.35 206.30
E 43 113 0.001585 0.000000 140.00 38.36
E 43 115 0.026280 0.006652 405.32 0.02
E 43 120 0.028295 0.004101 423.96 3.25
E 44 45 0.025146 0.001881 383.37 2.60
E 44 53 0.022977 0.002643 374.42 2.93
E 44 54 0.034208 0.004523 457.27 0.25
E 44 63 0.020027 0.003356 316.88 34.06
E 44 73 0.024346 0.004199 377.71 97.36
E 44 83 0.025353 0.003454 372.58 4.98
E 44 84 0.021021 0.005828 335.76 3.78
E 44 89 0.025419 0.003533 399.87 2.97
E 44 91 0.002257 0.000000 224.00 44.36
E 44 100 0.025666 0.002326 439.69 0.10
E 44 104 0.030460 0.004937 429.97 1.88
E 44 111 0.029154 0.006445 414.48 16.05
E 44 112 0.019654 0.004642 314.67 1.53
E 44 114 0.021916 0.003967 325.04 9.96
E 44 120 0.029686 0.003256 488.65 1.42
E 44 122 0.024395 0.003324 379.87 1.87
E 45 53 0.025443 0.002815 385.28 0.29
E 45 54 0.031631 0.003867 444.77 1.72
E 45 64 0.021623 0.007307 332.77 139.09
E 45 73 0.024161 0.007349 351.95 23.50
E 45 89 0.022789 0.005507 353.40 0.26
E 45 94 0.025375 0.001163 391.57 0.13
E 45 104 0.032362 0.004259 408.01 0.12
E 45 114 0.025736 0.003272 367.52 0.40
E 46 49 0.025181 0.002657 390.51 1.27
E 46 55 0.025886 0.004389 410.04 6.66
E 46 62 0.025955 0.003319 383.22 57.46
E 46 69 0.023223 0.003584 350.13 0.17
E 46 95 0.024475 0.005489 375.08 1.29
E 46 97 0.023714 0.004315 434.67 1.14
E 46 101 0.024824 0.001923 571.44 5.11
E 46 103 0.003809 0.000064 360.00 0.00
E 46 106 0.024071 0.002482 360.10 3.34
E 46 111 0.028286 0.006063 432.92 0.86
E 46 118 0.025634 0.002996 417.18 37.07
E 46 119 0.023220 0.003697 396.14 36.18
E 47 58 0.017503 0.002343 272.72 3.62
E 47 59 0.018181 0.001576 343.19 2.24
E 47 66 0.017908 0.001843 291.33 4.81
E 47 70 0.026634 0.004749 339.30 0.13
E 47 76 0.024193 0.002375 352.77 3.92
E 47 92 0.017582 0.001510 270.70 0.78
E 47 93 0.021749 0.002917 318.44 0.65
E 47 110 0.022564 0.004028 325.52 1.27
E 47 116 0.016450 0.000683 242.75 2.22
E 48 50 0.030547 0.004874 437.91 0.37
E 48 52 0.028936 0.004375 456.76 0.08
E 48 60 0.023662 0.001579 377.87 0.78
E 48 71 0.022502 0.001108 361.61 0.08
E 48 72 0.028557 0.004959 410.65 12.55
E 48 75 0.033168 0.005314 472.63 0.51
E 48 77 0.028161 0.005140 400.21 0.32
E 48 78 0.024423 0.001649 386.95 1.54
E 48 80 0.007362 0.000224 804.00 0.19
E 48 85 0.030445 0.007854 506.59 1.56
E 48 88 0.028295 0.005579 424.19 1.74
E 48 96 0.031820 0.003634 443.41 0.82
E 48 98 0.032315 0.007781 452.05 0.67
E 48 107 0.022565 0.000136 323.69 0.91
E 48 109 0.030702 0.004178 422.30 0.86
E 48 123 0.023963 0.001392 388.95 1.02
E 49 55 0.002545 0.000000 260.00 0.00
E 49 57 0.024896 0.003010 396.32 0.10
E 49 62 0.025242 0.005215 377.97 111.29
E 49 69 0.025579 0.004467 407.78 7.11
E 49 87 0.007171 0.000128 664.00 0.02
E 49 95 0.025448 0.001526 652.78 0.09
E 49 101 0.026206 0.005893 364.73 1.20
E 49 103 0.025798 0.005057 389.28 51.94
E 49 106 0.024072 0.002852 390.87 2.70
E 49 117 0.025154 0.004119 352.54 0.92
E 49 119 0.025001 0.004810 396.82 1.98
E 49 121 0.022464 0.004899 356.23 0.37
E 50 51 0.024452 0.002781 382.35 2.07
E 50 52 0.029583 0.005270 434.25 0.06
E 50 60 0.027506 0.004704 414.41 2.24
E 50 61 0.020751 0.002655 374.86 1.00
E 50 67 0.029640 0.007511 527.76 56.05
E 50 72 0.028818 0.003752 435.94 0.69
E 50 75 0.031932 0.005112 465.61 0.79
E 50 77 0.029619 0.003176 524.77 0.32
E 50 78 0.028992 0.005280 425.28 1.37
E 50 80 0.028806 0.005114 540.04 0.54
E 50 81 0.026794 0.005879 476.51 0.29
E 50 82 0.025143 0.004169 379.95 1.53
E 50 85 0.033563 0.010661 450.35 0.27
E 50 88 0.031860 0.007722 475.16 4.46
E 50 96 0.028805 0.003426 411.29 2.47
E 50 98 0.029370 0.003852 423.00 1.10
E 50 108 0.023922 0.005249 342.57 3.20
E 50 109 0.027388 0.006022 422.87 7.11
E 50 115 0.025806 0.004849 372.16 0.00
E 50 123 0.030195 0.005107 438.22 1.93
E 51 57 0.028708 0.006530 425.74 0.33
E 51 60 0.027670 0.006909 424.81 0.36
E 51 61 0.027344 0.006283 365.14 0.17
E 51 67 0.026822 0.004577 392.75 6.14
E 51 75 0.033512 0.005674 448.33 1.01
E 51 80 0.028022 0.007432 430.07 0.02
E 51 81 0.027130 0.005610 473.58 71.26
E 51 82 0.026246 0.004893 414.59 64.36
E 51 83 0.026500 0.005205 417.42 4.08
E 51 96 0.007474 0.000512 760.00 0.65
E 51 108 0.025734 0.005226 386.30 1.16
E 51 109 0.027266 0.005744 426.87 0.39
E 51 111 0.026435 0.004615 367.23 19.75
E 51 115 0.026451 0.004643 403.77 1.26
E 51 119 0.002097 0.000000 204.00 2.16
E 51 122 0.024233 0.004381 384.63 158.39
E 52 60 0.027999 0.004107 427.37 1.26
E 52 72 0.028527 0.005157 414.65 4.04
E 52 75 0.031929 0.005697 485.80 0.16
E 52 77 0.029772 0.003900 454.11 0.19
E 52 78 0.028458 0.004492 410.40 1.54
E 52 80 0.030868 0.004858 453.81 269.94
E 52 81 0.027967 0.004488 386.55 27.00
E 52 85 0.031553 0.008254 472.62 0.28
E 52 88 0.028516 0.006241 438.46 14.64
E 52 96 0.027555 0.005249 425.53 1.77
E 52 98 0.030757 0.006092 451.57 0.54
E 52 109 0.028410 0.005409 435.75 5.20
E 52 123 0.028201 0.004476 413.36 0.88
E 53 54 0.034209 0.004522 416.03 1.66
E 53 63 0.023935 0.004417 347.60 5.74
E 53 76 0.024962 0.004918 385.92 4.80
E 53 83 0.025579 0.002999 473.21 0.02
E 53 100 0.026992 0.004718 414.16 4.30
E 53 104 0.032697 0.004579 518.21 1.89
E 53 114 0.027682 0.005797 391.21 2.34
E 53 122 0.024777 0.004728 387.98 44.66
E 53 124 0.025392 0.004079 392.03 5.71
E 54 64 0.025675 0.002497 390.21 0.65
E 54 72 0.028643 0.004240 388.78 3.50
E 54 77 0.025479 0.003263 390.95 0.75
E 54 89 0.031697 0.004143 457.24 1.49
E 54 96 0.026458 0.001661 385.86 2.01
E 54 98 0.030511 0.006905 466.37 3.49
E 54 99 0.024591 0.003665 375.31 0.02
E 54 104 0.030693 0.003860 420.25 0.51
E 54 113 0.025356 0.005809 390.08 0.42
E 54 120 0.027144 0.004057 401.55 0.40
E 55 62 0.028501 0.007971 490.56 0.49
E 55 69 0.022493 0.004385 348.21 103.30
E 55 76 0.027155 0.005589 393.91 0.07
E 55 87 0.023087 0.003731 374.80 497.04
E 55 91 0.026895 0.003624 404.67 0.10
E 55 93 0.022782 0.003465 356.15 1.88
E 55 95 0.023841 0.005073 370.40 0.53
E 55 97 0.025038 0.005364 396.95 68.31
E 55 100 0.027634 0.005021 399.87 0.00
E 55 106 0.022735 0.003053 399.55 0.32
E 55 110 0.025957 0.005088 411.43 6.17
E 55 118 0.027489 0.005082 428.02 36.57
E 55 119 0.024169 0.005952 453.13 4.15
E 55 122 0.026834 0.005199 382.71 0.17
E 55 124 0.026690 0.003298 356.99 0.00
E 56 58 0.024073 0.002140 407.26 0.15
E 56 59 0.022225 0.000475 387.79 2.94
E 56 63 0.022734 0.007236 378.40 3.42
E 56 70 0.022462 0.002679 366.62 0.03
E 56 76 0.023886 0.003935 372.09 38.87
E 56 83 0.024258 0.002510 389.53 158.47
E 56 84 0.023763 0.004801 364.07 2.16
E 56 87 0.020615 0.002412 345.27 0.43
E 56 91 0.026270 0.005201 342.23 66.63
E 56 93 0.017850 0.002267 284.94 3.29
E 56 95 0.022565 0.002568 393.50 248.56
E 56 100 0.025760 0.004728 399.27 0.82
E 56 111 0.022375 0.001281 341.37 1.12
E 56 118 0.027551 0.004409 480.91 49.45
E 56 122 0.023427 0.002808 359.33 31.35
E 56 124 0.023057 0.004348 404.93 16.43
E 57 61 0.026247 0.002568 478.21 0.29
E 57 62 0.025225 0.006001 399.45 32.32
E 57 67 0.029009 0.001221 773.66 0.79
E 57 81 0.002129 0.000000 208.00 4.23
E 57 82 0.028871 0.003791 439.22 4.03
E 57 101 0.019478 0.001015 309.76 6.55
E 57 103 0.018965 0.003577 311.33 16.76
E 57 106 0.024436 0.004717 383.25 4.01
E 57 108 0.027069 0.002907 410.65 2.45
E 57 115 0.027875 0.006219 504.05 1.82
E 57 117 0.019587 0.000567 323.26 0.09
E 57 119 0.023222 0.004190 349.06 1.73
E 58 59 0.019782 0.004075 303.94 0.28
E 58 63 0.023389 0.006256 360.12 1.48
E 58 70 0.024694 0.004985 387.88 0.11
E 58 76 0.024374 0.005088 387.20 1.86
E 58 83 0.024901 0.003317 381.96 13.90
E 58 84 0.024230 0.004591 378.56 0.62
E 58 91 0.026059 0.005464 401.45 98.73
E 58 92 0.018804 0.003791 284.99 4.76
E 58 100 0.026469 0.005267 435.78 1.69
E 58 111 0.024259 0.003010 364.35 3.77
E 58 112 0.023583 0.000000 734.92 1.53
E 58 116 0.018764 0.003883 304.30 474.30
E 58 118 0.028957 0.005791 428.77 44.76
E 58 122 0.025042 0.003124 387.42 5.99
E 58 124 0.024554 0.005384 372.67 1.69
E 59 66 0.020739 0.005158 316.42 1.77
E 59 70 0.025470 0.007434 366.63 1.88
E 59 76 0.023980 0.004049 366.77 2.06
E 59 84 0.022280 0.002798 365.93 0.11
E 59 91 0.024895 0.002756 358.19 1.46
E 59 92 0.020286 0.003557 298.98 0.09
E 59 100 0.028804 0.003595 511.84 3.32
E 59 116 0.020129 0.003673 326.76 184.47
E 59 118 0.022903 0.000452 397.59 23.63
E 59 122 0.023498 0.002544 419.72 28.75
E 59 124 0.022657 0.003829 331.14 3.82
E 60 61 0.027336 0.003884 364.93 1.43
E 60 67 0.028297 0.002849 380.24 0.14
E 60 72 0.027604 0.004216 391.23 1.77
E 60 75 0.033674 0.005702 464.18 1.34
E 60 78 0.021146 0.001230 329.84 0.19
E 60 80 0.029179 0.002600 467.87 0.51
E 60 81 0.026062 0.003566 365.07 1.72
E 60 96 0.002257 0.000000 224.00 0.09
E 60 98 0.033376 0.010007 443.18 0.09
E 60 109 0.027134 0.006169 410.72 3.79
E 60 115 0.027898 0.002590 425.40 2.86
E 60 123 0.020496 0.001018 326.07 0.96
E 61 62 0.004482 0.000224 444.00 264.03
E 61 67 0.024282 0.002940 363.91 3.82
E 61 75 0.032703 0.004176 400.77 0.07
E 61 81 0.027164 0.003884 424.81 6.99
E 61 82 0.022451 0.002568 354.55 0.00
E 61 108 0.022468 0.002460 315.32 2.69
E 61 109 0.029688 0.005031 379.07 1.46
E 61 115 0.025918 0.002299 404.58 5.82
E 62 69 0.025065 0.005014 366.82 2.12
E 62 95 0.024261 0.003731 384.29 60.07
E 62 101 0.026858 0.005111 398.48 0.69
E 62 103 0.029234 0.006369 486.77 2.92
E 62 106 0.024547 0.005504 392.94 2.24
E 62 117 0.027493 0.005662 445.82 5.39
E 62 119 0.025467 0.004410 372.42 219.06
E 62 121 0.023408 0.004921 344.55 9.93
E 63 70 0.001873 0.000000 176.00 1.56
E 63 76 0.006979 0.000352 640.00 0.47
E 63 83 0.024100 0.005964 357.61 1.64
E 63 84 0.021320 0.006041 350.77 4.32
E 63 90 0.022225 0.003731 466.06 0.13
E 63 91 0.024148 0.006256 379.47 0.23
E 63 100 0.026013 0.005580 412.13 106.97
E 63 111 0.023671 0.005471 361.86 87.58
E 63 112 0.020927 0.004907 340.82 0.82
E 63 114 0.023583 0.006530 389.35 0.67
E 63 118 0.024159 0.005617 374.09 0.40
E 63 122 0.024366 0.005537 388.88 9.20
E 63 124 0.022032 0.005949 338.26 137.74
E 64 77 0.028594 0.005088 520.92 0.29
E 64 85 0.025367 0.003641 366.70 0.13
E 64 89 0.021684 0.004443 350.62 1.98
E 64 99 0.019865 0.004273 321.72 0.30
E 64 104 0.032063 0.004353 453.11 8.38
E 64 107 0.019753 0.003266 326.07 1.49
E 64 113 0.019969 0.005626 324.32 0.17
E 64 120 0.027046 0.004008 392.40 0.04
E 65 68 0.021077 0.004090 329.89 0.52
E 65 73 0.026168 0.005060 379.22 0.66
E 65 86 0.017993 0.002602 285.63 2.39
E 65 90 0.018166 0.002840 281.39 116.57
E 65 94 0.018291 0.002890 303.24 9.20
E 65 105 0.019281 0.002809 319.63 1.62
E 66 70 0.029349 0.002035 443.18 11.34
E 66 76 0.024486 0.001922 330.71 8.59
E 66 92 0.017782 0.001800 291.17 1.48
E 66 93 0.021546 0.002883 359.21 34.68
E 66 100 0.002001 0.000000 192.00 526.27
E 66 110 0.023355 0.004099 358.12 20.95
E 66 116 0.016838 0.001209 251.51 0.17
E 66 118 0.005778 0.000160 548.00 1.02
E 66 122 0.002001 0.000000 192.00 34.63
E 66 124 0.021717 0.000509 423.06 39.60
E 67 80 0.032276 0.005102 493.96 4.04
E 67 81 0.026732 0.003344 449.68 2.63
E 67 82 0.026977 0.004692 415.06 0.75
E 67 96 0.024982 0.000672 2484.00 1.03
E 67 108 0.026686 0.005446 407.73 2.36
E 67 115 0.026848 0.004549 429.86 0.40
E 68 73 0.026037 0.004979 409.55 2.32
E 68 79 0.021258 0.004441 328.97 0.57
E 68 86 0.021069 0.004051 339.95 8.31
E 68 90 0.021335 0.003727 353.50 1.24
E 68 94 0.020926 0.002661 335.02 2.14
E 68 105 0.020631 0.002940 317.11 1.62
E 69 95 0.023074 0.005667 369.65 66.34
E 69 97 0.024342 0.006929 416.75 54.63
E 69 101 0.023751 0.004546 395.25 1.96
E 69 103 0.023752 0.003618 299.79 28.72
E 69 106 0.024167 0.004633 383.13 6.18
E 69 119 0.023224 0.004891 372.92 0.00
E 70 76 0.024056 0.005301 359.11 0.00
E 70 84 0.026701 0.003731 391.50 1.67
E 70 91 0.025215 0.004561 374.63 43.00
E 70 92 0.025921 0.008446 359.46 1.78
E 70 100 0.027281 0.004438 415.32 10.91
E 70 110 0.022097 0.004351 351.71 13.28
E 70 118 0.028707 0.005503 427.49 36.28
E 70 122 0.023049 0.003780 398.03 43.49
E 70 124 0.021653 0.003687 341.41 12.43
E 71 77 0.025169 0.003823 385.28 4.53
E 71 85 0.025710 0.005802 402.43 0.02
E 71 88 0.028222 0.005766 421.27 0.24
E 71 99 0.022347 0.005612 367.33 0.03
E 71 107 0.018721 0.002435 304.93 3.95
E 72 75 0.031431 0.005547 460.74 0.84
E 72 77 0.028339 0.004315 410.82 13.10
E 72 78 0.028941 0.005302 484.59 0.41
E 72 80 0.031042 0.004681 431.86 0.67
E 72 85 0.029346 0.006814 426.72 267.61
E 72 96 0.028316 0.003959 424.86 1.73
E 72 98 0.030489 0.005492 428.35 1.36
E 72 99 0.015429 0.000416 1580.00 18.28
E 72 104 0.029900 0.005342 497.50 0.35
E 72 109 0.030124 0.004009 424.13 2.62
E 72 120 0.028248 0.004682 407.70 340.13
E 73 79 0.028162 0.001526 636.88 221.12
E 73 86 0.026168 0.005060 390.62 3.03
E 73 89 0.024104 0.004240 370.69 3.72
E 73 90 0.026310 0.005324 439.70 0.03
E 73 94 0.025851 0.005438 359.95 3.21
E 73 105 0.025624 0.005120 369.83 3.33
E 73 114 0.026513 0.005418 415.95 2.58
E 74 87 0.001393 0.000000 116.00 0.61
E 74 102 0.016370 0.002233 256.60 6.44
E 74 121 0.021280 0.004367 351.62 324.35
E 75 77 0.028671 0.000543 621.40 30.01
E 75 78 0.033458 0.005872 493.81 0.35
E 75 80 0.031656 0.005359 458.75 2.15
E 75 81 0.033890 0.005665 438.64 4.03
E 75 85 0.004625 0.000000 520.00 10.50
E 75 88 0.036539 0.007869 487.87 4.57
E 75 96 0.031054 0.005224 439.02 3.07
E 75 109 0.032399 0.006042 433.16 1.01
E 75 123 0.033007 0.005379 459.16 3.75
E 76 84 0.024485 0.005880 362.03 2.00
E 76 91 0.025281 0.005306 388.80 22.09
E 76 92 0.022818 0.004810 362.09 2.25
E 76 100 0.027339 0.005705 405.14 2.55
E 76 118 0.025984 0.005676 372.59 0.93
E 76 122 0.022330 0.001409 355.68 0.73
E 76 124 0.024014 0.004982 357.08 0.61
E 77 78 0.029810 0.004533 422.51 0.47
E 77 80 0.030263 0.002476 593.80 0.67
E 77 85 0.026850 0.005741 395.83 0.43
E 77 88 0.028988 0.005730 439.49 0.81
E 77 96 0.031176 0.003550 452.26 1.56
E 77 98 0.031302 0.005919 427.46 0.54
E 77 99 0.025922 0.004474 396.58 1.29
E 77 104 0.029688 0.001187 624.47 16.26
E 77 107 0.025336 0.003499 376.19 1.88
E 77 109 0.031417 0.004002 511.52 1.91
E 77 120 0.027109 0.004669 419.31 0.81
E 78 80 0.031142 0.005476 470.75 0.13
E 78 81 0.025871 0.003626 350.48 0.01
E 78 85 0.033564 0.010661 417.90 1.04
E 78 88 0.028828 0.006096 436.75 5.43
E 78 96 0.030706 0.006233 416.22 0.72
E 78 98 0.032428 0.005456 445.88 0.52
E 78 109 0.027533 0.006497 399.52 0.91
E 78 123 0.021193 0.001222 338.47 0.62
E 79 86 0.016324 0.000339 353.45 3.48
E 80 81 0.029179 0.000593 620.02 2.33
E 80 82 0.027857 0.006784 414.52 0.74
E 80 85 0.030509 0.007560 570.74 7.17
E 80 96 0.031051 0.004679 420.94 2.91
E 80 98 0.030715 0.006637 423.50 2.35
E 80 109 0.030745 0.005617 472.42 2.00
E 80 115 0.030913 0.007175 441.49 4.23
E 80 120 0.002801 0.000000 292.00 1.67
E 81 88 0.028305 0.005650 432.06 0.01
E 81 96 0.002097 0.000000 204.00 4.47
E 81 98 0.030824 0.006454 462.18 0.08
E 81 108 0.002129 0.000000 208.00 2.51
E 81 115 0.026537 0.002907 445.38 5.39
E 81 123 0.026219 0.003974 410.70 1.53
E 82 83 0.002097 0.000000 204.00 0.00
E 82 108 0.024678 0.005717 389.94 2.44
E 82 111 0.010899 0.001376 1072.00 3.12
E 82 115 0.026434 0.004699 403.88 1.08
E 82 119 0.022661 0.002326 350.61 1.27
E 83 84 0.022134 0.004183 355.39 1.54
E 83 91 0.025277 0.004664 381.68 0.46
E 83 100 0.026826 0.005406 372.75 0.45
E 83 111 0.025177 0.005133 387.76 89.64
E 83 112 0.020771 0.005871 370.06 0.33
E 83 118 0.024818 0.004943 374.67 3.48
E 83 122 0.024865 0.004294 380.18 0.37
E 84 91 0.024352 0.004613 357.28 1.36
E 84 100 0.027609 0.004507 413.36 3.03
E 84 112 0.020751 0.005176 331.60 0.25
E 84 118 0.028105 0.004466 396.99 15.50
E 84 122 0.023518 0.003236 432.26 31.72
E 84 124 0.021456 0.004210 374.23 3.89
E 85 88 0.033724 0.007925 507.76 0.30
E 85 96 0.028870 0.007726 403.77 0.34
E 85 98 0.031030 0.006327 450.86 0.45
E 85 99 0.026580 0.005807 389.76 0.40
E 85 104 0.030027 0.006614 481.37 1.77
E 85 107 0.026112 0.005550 393.53 0.34
E 85 109 0.031417 0.004002 511.94 0.54
E 85 113 0.025858 0.007024 426.08 2.88
E 85 120 0.027092 0.005393 438.86 0.41
E 86 90 0.017372 0.000882 274.08 205.05
E 86 94 0.018211 0.000342 289.00 2.34
E 86 105 0.019281 0.001801 311.46 0.69
E 87 93 0.020616 0.002302 308.78 10.08
E 87 95 0.022962 0.003477 393.22 2.06
E 87 97 0.022733 0.004783 455.21 68.27
E 87 102 0.001425 0.000000 120.00 8.02
E 87 110 0.023572 0.005092 369.05 1.10
E 87 121 0.021625 0.002479 346.33 9.48
E 88 96 0.003121 0.000000 332.00 3.23
E 88 98 0.030913 0.006260 444.58 5.04
E 88 99 0.001969 0.000000 188.00 0.50
E 88 107 0.029156 0.006154 448.38 2.90
E 88 109 0.032244 0.007776 469.08 0.37
E 88 123 0.028744 0.006049 423.66 0.67
E 89 104 0.032362 0.004259 503.73 0.89
E 89 113 0.021570 0.005964 329.34 45.07
E 90 94 0.018713 0.000935 301.81 1.92
E 90 105 0.019238 0.001782 309.70 1.98
E 90 112 0.021259 0.006106 321.38 0.93
E 90 114 0.028188 0.006529 418.76 1.33
E 90 125 0.019738 0.001639 345.13 59.77
E 91 100 0.026988 0.004806 408.32 3.51
E 91 111 0.025305 0.004664 452.15 3.44
E 91 118 0.026879 0.004434 419.31 2.24
E 91 122 0.024766 0.004347 384.61 4.22
E 91 124 0.025218 0.004456 367.73 2.92
E 92 93 0.024768 0.005724 341.74 1.14
E 92 110 0.022169 0.003562 388.55 1.10
E 92 116 0.016875 0.000889 270.59 142.19
E 92 118 0.002609 0.000000 268.00 51.80
E 92 124 0.022123 0.004342 415.94 7.50
E 93 95 0.022903 0.003731 413.19 1.06
E 93 97 0.022127 0.004361 365.83 1.33
E 93 110 0.023515 0.004874 369.42 0.45
E 93 118 0.022904 0.000339 535.35 8.62
E 94 105 0.019340 0.001860 307.75 0.10
E 94 114 0.026374 0.005369 396.70 1.64
E 95 97 0.024813 0.005242 397.44 0.18
E 95 106 0.026041 0.003986 506.06 4.29
E 95 110 0.028671 0.007123 410.65 0.04
E 95 118 0.006962 0.000576 696.00 2.68
E 95 119 0.021660 0.004591 349.31 1.31
E 96 98 0.030892 0.006063 437.67 0.09
E 96 104 0.030117 0.004394 389.08 2.29
E 96 109 0.031485 0.004579 406.67 2.44
E 96 115 0.005793 0.000640 608.00 0.79
E 96 120 0.026490 0.003933 401.65 3.91
E 97 100 0.026804 0.005766 404.08 0.15
E 97 106 0.022735 0.002290 322.98 0.63
E 97 110 0.035794 0.003528 476.84 1.99
E 97 118 0.027110 0.005606 421.76 2.40
E 97 122 0.025719 0.006563 403.21 0.96
E 98 104 0.028709 0.006241 469.85 1.64
E 98 109 0.030630 0.005748 432.78 1.67
E 98 120 0.031141 0.006978 454.16 2.17
E 99 107 0.020338 0.004950 336.91 1.66
E 99 113 0.019903 0.004468 325.70 1.23
E 99 120 0.027301 0.004415 396.50 3.95
E 100 118 0.027425 0.005212 423.91 6.91
E 100 122 0.026915 0.005395 388.25 0.45
E 100 124 0.027145 0.004471 385.58 0.36
E 101 103 0.017727 0.002374 282.63 3.74
E 101 106 0.024317 0.004043 364.92 4.81
E 101 117 0.017708 0.000975 283.97 1.22
E 101 119 0.024825 0.003816 362.67 1.64
E 101 121 0.024048 0.006911 382.71 0.60
E 102 121 0.023394 0.003854 450.41 7.03
E 103 106 0.022859 0.001186 377.02 19.21
E 103 117 0.017351 0.002068 282.29 39.57
E 103 119 0.021886 0.000339 314.36 30.71
E 103 121 0.025036 0.005330 366.41 27.35
E 104 113 0.032798 0.005936 425.75 2.98
E 104 120 0.030651 0.004020 458.34 9.25
E 105 114 0.026401 0.005436 392.44 2.16
E 106 117 0.024238 0.004009 369.52 5.90
E 106 119 0.024122 0.003645 363.92 0.74
E 106 121 0.024418 0.004274 371.96 59.18
E 107 113 0.020099 0.003166 303.49 7.19
E 107 120 0.030479 0.004070 496.83 4.82
E 108 115 0.026086 0.006246 391.47 2.08
E 108 119 0.006002 0.000224 576.00 16.41
E 109 123 0.027290 0.006220 399.86 2.59
E 111 115 0.002257 0.000000 224.00 0.53
E 111 122 0.024974 0.005624 376.02 4.30
E 112 114 0.023579 0.007220 344.80 0.69
E 112 124 0.020446 0.003266 338.16 2.07
E 113 120 0.027104 0.005299 392.72 0.28
E 115 119 0.023920 0.000792 386.49 0.00
E 118 122 0.027556 0.005258 418.01 0.52
E 122 124 0.023610 0.004532 374.34 0.07
END

SECTION Terminals
Root 17
Terminals 55
T 18
T 1
T 73
T 35
T 58
T 92
T 90
T 123
T 28
T 20
T 31
T 46
T 78
T 22
T 54
T 84
T 93
T 99
T 76
T 101
T 122
T 51
T 26
T 119
T 8
T 43
T 79
T 10
T 94
T 47
T 2
T 37
T 56
T 59
T 5
T 21
T 40
T 39
T 74
T 124
T 49
T 70
T 89
T 27
T 95
T 83
T 6
T 11
T 44
T 38
T 61
T 80
T 60
T 111
T 55
END

EOF